# # time daqc_fidelity daqc_fidelity_noisy Fidelity_digital Fidelity_digital_noisy # initial_state: |0,0,+,+,+,+> # params: hop_enr k = 1 #         col_replu U = 2 #         ferm_bos_cop g = 5  #         intr_str  wr = 8resonator (each) #         damping_factor_resonator = 0.0006249999999999999#         damping_factor_qubit = 0.0024999999999999996
0.000000000000000000e+00 1.000000000000000000e+00 1.000000041241811077e+00 1.000000000000000444e+00 9.984012793602181635e-01
1.020408163265306145e-01 9.995593449704033295e-01 9.968219398562406797e-01 8.128721459869256982e-01 4.361205620182484477e-01
2.040816326530612290e-01 9.987125137724025548e-01 9.894789651174702438e-01 4.815213394689163429e-01 1.453343883564681693e-01
3.061224489795918435e-01 9.981300580243293030e-01 9.780518376712276085e-01 3.082080379910517864e-01 5.372335861927678147e-02
4.081632653061224580e-01 9.978044321118048066e-01 9.637165596072173601e-01 2.234270127453207577e-01 2.410002827797856281e-02
5.102040816326530726e-01 9.977534992076196874e-01 9.482626304532363326e-01 7.842200724399722711e-02 8.078490429227301942e-03
6.122448979591836871e-01 9.977810480951956329e-01 9.323866943380345607e-01 1.427588567900554481e-02 2.952513107771456615e-03
7.142857142857143016e-01 9.978549787668061777e-01 9.152935323862860795e-01 3.799516989137684698e-03 1.787945585009236569e-03
8.163265306122449161e-01 9.979617934737503582e-01 8.951685747849881247e-01 2.061101020957844480e-03 1.505932622797688612e-03
9.183673469387755306e-01 9.979813575787935820e-01 8.705557044840234182e-01 2.725866654579716785e-03 1.426117402520320643e-03
1.020408163265306145e+00 9.982433473199610052e-01 8.419070519400995156e-01 2.082727447168467982e-03 1.337282210186094191e-03
1.122448979591836871e+00 9.984176252861813872e-01 8.108376806403569947e-01 1.568719106567622072e-04 1.245047538521531182e-03
1.224489795918367374e+00 9.986287336756807242e-01 7.796958033514721498e-01 5.341818547948619551e-04 1.200882164393228535e-03
1.326530612244897878e+00 9.990340416391214617e-01 7.500115048238740201e-01 3.687405949017339042e-03 1.197154963615180024e-03
1.428571428571428603e+00 9.991850669901720661e-01 7.215457462123466836e-01 2.827435013808252823e-02 1.208852656879934838e-03
1.530612244897959329e+00 9.990046355888270169e-01 6.924096428038855056e-01 1.101519769550657474e-01 1.195040255043362375e-03
1.632653061224489832e+00 9.985389530980841588e-01 6.609785256710805079e-01 1.448702050831254806e-01 1.151196744174936247e-03
1.734693877551020336e+00 9.980969863205331194e-01 6.270889595440818365e-01 8.302439314530289660e-02 1.103561990667084689e-03
1.836734693877551061e+00 9.978868957196508349e-01 5.913577942599952397e-01 5.727520061240300164e-02 1.072347481047889210e-03
1.938775510204081787e+00 9.977315107620515766e-01 5.556003466522285716e-01 1.274475835617937536e-01 1.055634299927781352e-03
2.040816326530612290e+00 9.976597368404815924e-01 5.218241025991298132e-01 3.064225457012189069e-01 1.045123278221878928e-03
2.142857142857142794e+00 9.978395811655097480e-01 4.911519456860867217e-01 3.897958360765817476e-01 1.034267497221297944e-03
2.244897959183673741e+00 9.979398091918494362e-01 4.631211297467110466e-01 3.200635265896592530e-01 1.023479311481821337e-03
2.346938775510204245e+00 9.980983037227112442e-01 4.365174565149197439e-01 2.470755657657578708e-01 1.013533021872400647e-03
2.448979591836734748e+00 9.981605916768476749e-01 4.085784689285729132e-01 2.111702998972732337e-01 1.005025657790913204e-03
2.551020408163265252e+00 9.984363193551027971e-01 3.783205392846376580e-01 1.631637480832652254e-01 9.982102229050900284e-04
2.653061224489795755e+00 9.987178133897391952e-01 3.475869302659078119e-01 5.508102181918328455e-02 9.930526152900835506e-04
2.755102040816326703e+00 9.987782435825719451e-01 3.194103246526197037e-01 4.063400611984522952e-03 9.896274137670183456e-04
2.857142857142857206e+00 9.989991416430586968e-01 2.955038470382138072e-01 2.646851542571228809e-04 9.873372892469714501e-04
2.959183673469387710e+00 9.989106768090805222e-01 2.749542112368251745e-01 5.350438088541124523e-05 9.855637995975054591e-04
3.061224489795918657e+00 9.980939506516292026e-01 2.552147873949233703e-01 5.963280502807248151e-04 9.839908225025321368e-04
3.163265306122449161e+00 9.972379738177941100e-01 2.346115206135269415e-01 9.303785645905639917e-03 9.826464591990401176e-04
3.265306122448979664e+00 9.973285219414627090e-01 2.133585160557672500e-01 1.907898875801326485e-02 9.814783322016759279e-04
3.367346938775510168e+00 9.977885984919171447e-01 1.933139311232813518e-01 9.507687284574250358e-03 9.804666154198792699e-04
3.469387755102040671e+00 9.979433943167466126e-01 1.757335688601168455e-01 2.446645462807052127e-03 9.796602867128813372e-04
3.571428571428571619e+00 9.981820352098815796e-01 1.604466705138513360e-01 1.744010603916245489e-02 9.790906955538551323e-04
3.673469387755102122e+00 9.983946878576636097e-01 1.466874128784026454e-01 1.599292130235854814e-01 9.786732484557355855e-04
3.775510204081632626e+00 9.982024997643960118e-01 1.334434508180517287e-01 3.967992149160916582e-01 9.783489488551311633e-04
3.877551020408163573e+00 9.979305468285751823e-01 1.209245380103584483e-01 4.739232449281585158e-01 9.780716362755102061e-04
3.979591836734694077e+00 9.980452153667700443e-01 1.093336572951821295e-01 3.770965968711867400e-01 9.778077833732493236e-04
4.081632653061224580e+00 9.983622193660554034e-01 9.872476820238380857e-02 2.290123685987838220e-01 9.775861400326728637e-04
4.183673469387755084e+00 9.986023903133366408e-01 8.907053322753018254e-02 1.613040619489788385e-01 9.773942176047483756e-04
4.285714285714285587e+00 9.985816894688770429e-01 8.007941086391957841e-02 1.265197324372757670e-01 9.772302254935248331e-04
4.387755102040816091e+00 9.983714419222818881e-01 7.168143722949306407e-02 5.624677392896056810e-02 9.771048759384098198e-04
4.489795918367347483e+00 9.979105161545200886e-01 6.407570021042734154e-02 1.513462805165192993e-02 9.770069837404470568e-04
4.591836734693877986e+00 9.975056857211024308e-01 5.756851125446060119e-02 3.510999784141917088e-03 9.769246937042686159e-04
4.693877551020408490e+00 9.971781225414446670e-01 5.204907378221031167e-02 2.214517774119976936e-03 9.768548469946416145e-04
4.795918367346938993e+00 9.975929296866051788e-01 4.705989691719452556e-02 1.183213144953358664e-02 9.767963981523559644e-04
4.897959183673469497e+00 9.982337025494892879e-01 4.219819383512262573e-02 2.501025058660670888e-02 9.767535161759872790e-04
5.000000000000000000e+00 9.981324973723881833e-01 3.733364073663032051e-02 1.404038335119650246e-02 9.767191433482100629e-04
