# # time daqc_fidelity daqc_fidelity_noisy Fidelity_digital Fidelity_digital_noisy # initial_state: |0,0,+,+,+,+> # params: hop_enr k = 1 #         col_replu U = 2 #         ferm_bos_cop g = 0.1  #         intr_str  wr = 8resonator (each) #         damping_factor_resonator = 0.0006249999999999999#         damping_factor_qubit = 0.0024999999999999996
0.000000000000000000e+00 1.000000000000000000e+00 1.000000041241811077e+00 1.000000000000000444e+00 9.984012793602181635e-01
1.020408163265306145e-01 9.999731518967125421e-01 9.974747068875782219e-01 9.998670362231194542e-01 5.328198258251246600e-01
2.040816326530612290e-01 9.998994027458864009e-01 9.924317328872134247e-01 9.995351075226489579e-01 2.948179098895015171e-01
3.061224489795918435e-01 9.997971129375811117e-01 9.849315309317416833e-01 9.991622663955964656e-01 1.686709143638603359e-01
4.081632653061224580e-01 9.996899442193878382e-01 9.750696558092121213e-01 9.989028427559976109e-01 1.001626510122876068e-01
5.102040816326530726e-01 9.995998810632996667e-01 9.629569966563146233e-01 9.988252447718291016e-01 6.193044682365643483e-02
6.122448979591836871e-01 9.995427417058555530e-01 9.487124065615964996e-01 9.988920620313590515e-01 3.993879939121365574e-02
7.142857142857143016e-01 9.995269649083186048e-01 9.324664628695977786e-01 9.990059083651765537e-01 2.687135519103282799e-02
8.163265306122449161e-01 9.995543478554576033e-01 9.143925219444004604e-01 9.990829569022925405e-01 1.884008361957879851e-02
9.183673469387755306e-01 9.996207401049879149e-01 8.946124356427533897e-01 9.991049721019156227e-01 1.373171879114066206e-02
1.020408163265306145e+00 9.997157368768536667e-01 8.732783355892791421e-01 9.991206239830254798e-01 1.036974230541206493e-02
1.122448979591836871e+00 9.998223229698389725e-01 8.505519279962876489e-01 9.992007894873751184e-01 8.084070213898529589e-03
1.224489795918367374e+00 9.999184979001090046e-01 8.265957793553547761e-01 9.993794544261439539e-01 6.481839763943079459e-03
1.326530612244897878e+00 9.999819700596617178e-01 8.015787664367003407e-01 9.996179912209961493e-01 5.326283942626148377e-03
1.428571428571428603e+00 9.999967158230517184e-01 7.756717318951397155e-01 9.998153535560663219e-01 4.471013038433203912e-03
1.530612244897959329e+00 9.999584990245863336e-01 7.490457163402365337e-01 9.998602272806174085e-01 3.823245607905054709e-03
1.632653061224489832e+00 9.998766017446079069e-01 7.219074530567833881e-01 9.996968744297662912e-01 3.322637308033887273e-03
1.734693877551020336e+00 9.997708009306817134e-01 6.944373928650070527e-01 9.993659366224072471e-01 2.928859917054483369e-03
1.836734693877551061e+00 9.996649773043410070e-01 6.668175200602919350e-01 9.989924657697317745e-01 2.614339502191611892e-03
1.938775510204081787e+00 9.995803885471268302e-01 6.392190507942518973e-01 9.987240476390468746e-01 2.359782180853343091e-03
2.040816326530612290e+00 9.995314727593671567e-01 6.117947864009419812e-01 9.986546431717171490e-01 2.151370391135864688e-03
2.142857142857142794e+00 9.995250280762258965e-01 5.846812228636648623e-01 9.987802921053219318e-01 1.978999887690924189e-03
2.244897959183673741e+00 9.995612868287204744e-01 5.579912980336143580e-01 9.990119774979400180e-01 1.835173122548736406e-03
2.346938775510204245e+00 9.996347008960205782e-01 5.318274480550235772e-01 9.992343648588553062e-01 1.714274560158425944e-03
2.448979591836734748e+00 9.997336084258837685e-01 5.062762117879097135e-01 9.993720426334318230e-01 1.612072088820977684e-03
2.551020408163265252e+00 9.998399811950362537e-01 4.814068627711572401e-01 9.994229871498753193e-01 1.525339811723372668e-03
2.653061224489795755e+00 9.999313489835839341e-01 4.572802942994345643e-01 9.994417143191770547e-01 1.451569405681223416e-03
2.755102040816326703e+00 9.999859087448398354e-01 4.339480202393342090e-01 9.994871895200744261e-01 1.388749052134835398e-03
2.857142857142857206e+00 9.999893958774803693e-01 4.114586723754444231e-01 9.995720568937649375e-01 1.335215515213247772e-03
2.959183673469387710e+00 9.999403757449386587e-01 3.898500407080057184e-01 9.996468907689503025e-01 1.289563798296544835e-03
3.061224489795918657e+00 9.998509583917910559e-01 3.691554745539732396e-01 9.996297740451667302e-01 1.250592614549691324e-03
3.163265306122449161e+00 9.997425151883614358e-01 3.493955461679665864e-01 9.994633271056657664e-01 1.217265871677085040e-03
3.265306122448979664e+00 9.996387927997945066e-01 3.305806426993180835e-01 9.991639507013209132e-01 1.188683936325576809e-03
3.367346938775510168e+00 9.995598001522763010e-01 3.127141911537800745e-01 9.988303913850189453e-01 1.164063858147079342e-03
3.469387755102040671e+00 9.995186102778464976e-01 2.957893463831346992e-01 9.986011708356726801e-01 1.142727919499515656e-03
3.571428571428571619e+00 9.995209962149987915e-01 2.797926780610286990e-01 9.985821089394696370e-01 1.124097111631197458e-03
3.673469387755102122e+00 9.995662139768421994e-01 2.647057153524298712e-01 9.987863190178239980e-01 1.107687343787061313e-03
3.775510204081632626e+00 9.996472741858654087e-01 2.505001146321086392e-01 9.991241572896030210e-01 1.093107337825612816e-03
3.877551020408163573e+00 9.997505665991699431e-01 2.371462253269644438e-01 9.994512246682369927e-01 1.080056469804563770e-03
3.979591836734694077e+00 9.998563315177201316e-01 2.246060426943887467e-01 9.996463523510754623e-01 1.068318393950123350e-03
4.081632653061224580e+00 9.999416314108938719e-01 2.128435647153503474e-01 9.996716253105900618e-01 1.057746519592041952e-03
4.183673469387755084e+00 9.999859411365213946e-01 2.018233397005332608e-01 9.995779722514281929e-01 1.048241844623831482e-03
4.285714285714285587e+00 9.999775155544291527e-01 1.915124215996513168e-01 9.994569831460906606e-01 1.039729020399367612e-03
4.387755102040816091e+00 9.999177057177109917e-01 1.818795773794709969e-01 9.993755871366731824e-01 1.032138115394577943e-03
4.489795918367347483e+00 9.998209506105958377e-01 1.728938727210774795e-01 9.993378588122010520e-01 1.025396092590005574e-03
4.591836734693877986e+00 9.997101149406268927e-01 1.645231831820118673e-01 9.992945660242678052e-01 1.019426615040705791e-03
4.693877551020408490e+00 9.996093000409059792e-01 1.567335291117354923e-01 9.991881978700223321e-01 1.014153629654255227e-03
4.795918367346938993e+00 9.995375917349337280e-01 1.494900998812518089e-01 9.990025161661151287e-01 1.009504794926059917e-03
4.897959183673469497e+00 9.995061908000401063e-01 1.427588048236237417e-01 9.987869150447189481e-01 1.005413407144481247e-03
5.000000000000000000e+00 9.995187357784066640e-01 1.365073739665232377e-01 9.986403040758279337e-01 1.001819361982689846e-03
