# # time expt_val_site1 expt_val_site2 expt_tot # initial_state: |1,1,0,0>  # params: hop_enr k = 1  #         col_replu U = 8  #         ferm_bos_cop g = 0.1   #         intr_str  wr = 8resonator (each) 
0.000000000000000000e+00 0.000000000000000000e+00 0.000000000000000000e+00 0.000000000000000000e+00
4.008016032064128098e-02 0.000000000000000000e+00 6.370812892248556888e-05 6.370812892248556888e-05
8.016032064128256196e-02 5.122570162776680120e-08 2.479910580250036163e-04 2.480422837266314036e-04
1.202404809619238429e-01 4.511555228079029168e-07 5.327398970681208054e-04 5.331910525909287074e-04
1.603206412825651239e-01 1.746398795816930764e-06 8.870391420585525865e-04 8.887855408543695462e-04
2.004008016032063910e-01 4.640921495854782080e-06 1.273101112795320183e-03 1.277742034291175048e-03
2.404809619238476859e-01 9.871049276562354112e-06 1.650808552263125124e-03 1.660679601539687394e-03
2.805611222444889807e-01 1.806296907568266647e-05 1.982135312476257863e-03 2.000198281551940523e-03
3.206412825651302478e-01 2.959332553352713257e-05 2.234880295194920010e-03 2.264473620728447295e-03
3.607214428857715149e-01 4.447627190100023563e-05 2.385416805649508924e-03 2.429893077550509227e-03
4.008016032064127820e-01 6.229944549771903141e-05 2.420418503673455075e-03 2.482717949171174120e-03
4.408817635270541047e-01 8.222586535611322970e-05 2.337682024663566543e-03 2.419907890019679705e-03
4.809619238476953718e-01 1.030689322231956474e-04 2.146187201391118547e-03 2.249256133614314316e-03
5.210420841683366389e-01 1.234351255886160040e-04 1.865447706461174178e-03 1.988882832049790154e-03
5.611222444889779615e-01 1.419162345288935265e-04 1.524087639275132321e-03 1.666003873804025766e-03
6.012024048096191731e-01 1.573029212573472428e-04 1.157525742822230769e-03 1.314828664079578094e-03
6.412825651302604957e-01 1.687864209595300174e-04 8.047207544993908957e-04 9.735071754589209132e-04
6.813627254509018183e-01 1.761162899179987665e-04 5.041303762041139626e-04 6.802466661221127833e-04
7.214428857715430299e-01 1.796888601310491266e-04 2.892992037765628670e-04 4.689880639076119935e-04
7.615230460921843525e-01 1.805516930838998828e-04 1.847138838352170413e-04 3.652655769191168970e-04
8.016032064128255641e-01 1.803214529669747439e-04 2.026453391077567628e-04 3.829667920747315338e-04
8.416833667334668867e-01 1.810239718837440472e-04 3.415826748166210904e-04 5.226066467003651376e-04
8.817635270541082093e-01 1.848743236193878985e-04 5.865676709821891592e-04 7.714419946015770848e-04
9.218436873747494209e-01 1.940208949302557855e-04 9.113473485382939977e-04 1.105368243468549810e-03
9.619238476953907435e-01 2.102809619645719635e-04 1.281896687386173189e-03 1.492177649350745179e-03
1.002004008016031955e+00 2.348966664088652742e-04 1.660636041491879433e-03 1.895532707900744653e-03
1.042084168336673278e+00 2.683398512231997086e-04 2.010637455393383174e-03 2.278977306616582991e-03
1.082164328657314600e+00 3.101917590890673456e-04 2.299266667130540811e-03 2.609458426219608048e-03
1.122244488977955923e+00 3.591184793371442088e-04 2.500964218494994284e-03 2.860082697832138331e-03
1.162324649298597246e+00 4.129545942579739828e-04 2.599121060588361395e-03 3.012075654846335486e-03
1.202404809619238346e+00 4.688956267402713237e-04 2.587158360995195101e-03 3.056053987735466316e-03
1.242484969939879669e+00 5.237855518890386199e-04 2.468938032253820223e-03 2.992723584142858734e-03
1.282565130260520991e+00 5.744708477704173373e-04 2.258536907107140494e-03 2.833007754877557832e-03
1.322645290581162314e+00 6.181801212187089736e-04 1.979292476331022919e-03 2.597472597549731893e-03
1.362725450901803637e+00 6.528810722205476971e-04 1.661965325294895678e-03 2.314846397515443483e-03
1.402805611222444737e+00 6.775664486130330037e-04 1.341927641628336970e-03 2.019494090241370082e-03
1.442885771543086060e+00 6.924282125900674354e-04 1.055483117565813060e-03 1.747911330155880495e-03
1.482965931863727382e+00 6.988932333286027683e-04 8.356904376830655073e-04 1.534583671011668276e-03
1.523046092184368705e+00 6.995119100124724864e-04 7.082972147072871989e-04 1.407809124719759577e-03
1.563126252505010028e+00 6.977100344977662291e-04 6.884907459179112491e-04 1.386200780415677587e-03
1.603206412825651128e+00 6.974309314885730922e-04 7.790774934631896709e-04 1.476508424951762655e-03
1.643286573146292451e+00 7.027073484509700155e-04 9.704269193760940628e-04 1.673134267827064078e-03
1.683366733466933773e+00 7.172097628073664365e-04 1.242138381948568095e-03 1.959348144755934315e-03
1.723446893787575096e+00 7.438198209847842260e-04 1.566031923961081320e-03 2.309851744945865329e-03
1.763527054108216419e+00 7.842751972821492435e-04 1.909836863219420032e-03 2.694112060501569275e-03
1.803607214428857741e+00 8.389259951538209159e-04 2.240917225395002831e-03 3.079843220548823639e-03
1.843687374749498842e+00 9.066333627143915129e-04 2.529518539484440758e-03 3.436151902198832271e-03
1.883767535070140164e+00 9.848284247005148657e-04 2.751269668473413973e-03 3.736098093173928839e-03
1.923847695390781487e+00 1.069734143986726107e-03 2.888918342205752752e-03 3.958652486192478642e-03
1.963927855711422810e+00 1.156735018053187082e-03 2.933426283003270820e-03 4.090161301056457685e-03
2.004008016032063910e+00 1.240861152258487289e-03 2.884557804283918378e-03 4.125418956542405667e-03
2.044088176352705233e+00 1.317336680260692075e-03 2.750990127978305069e-03 4.068326808238997144e-03
2.084168336673346555e+00 1.382130653568960530e-03 2.549833152804728987e-03 3.931963806373689300e-03
2.124248496993987878e+00 1.432444080463508200e-03 2.305366261526089078e-03 3.737810341989597496e-03
2.164328657314629201e+00 1.467071384016733039e-03 2.046848008655916245e-03 3.513919392672649501e-03
2.204408817635270523e+00 1.486588145040330282e-03 1.805439783750942013e-03 3.292027928791272512e-03
2.244488977955911846e+00 1.493337785469479786e-03 1.610549223546746183e-03 3.103887009016225752e-03
2.284569138276553169e+00 1.491214608088308911e-03 1.486141512654005252e-03 2.977356120742314163e-03
2.324649298597194491e+00 1.485265478831763455e-03 1.447682788112631411e-03 2.932948266944394866e-03
2.364729458917835370e+00 1.481153821469615448e-03 1.500307708955764523e-03 2.981461530425380188e-03
2.404809619238476692e+00 1.484544892116249981e-03 1.638550781155586732e-03 3.123095673271836931e-03
2.444889779559118015e+00 1.500479257939692267e-03 1.847625280745623889e-03 3.348104538685316156e-03
2.484969939879759337e+00 1.532802012632947632e-03 2.105891475861811687e-03 3.638693488494759536e-03
2.525050100200400660e+00 1.583709333032779073e-03 2.387938290780114870e-03 3.971647623812893727e-03
2.565130260521041983e+00 1.653462627299349475e-03 2.667671482345670281e-03 4.321134109645019539e-03
2.605210420841683305e+00 1.740304782329274305e-03 2.920946855358223706e-03 4.661251637687498228e-03
2.645290581162324628e+00 1.840593781371965571e-03 3.127533940673320537e-03 4.968127722045285674e-03
2.685370741482965951e+00 1.949147212565330170e-03 3.272436628317122384e-03 5.221583840882452338e-03
2.725450901803607273e+00 2.059768354905768852e-03 3.346738146845671617e-03 5.406506501751440902e-03
2.765531062124248596e+00 2.165902748020602422e-03 3.348135530880574223e-03 5.514038278901177079e-03
2.805611222444889474e+00 2.261356219979589622e-03 3.281207662219462386e-03 5.542563882199052008e-03
2.845691382765530797e+00 2.340994274853527412e-03 3.157299908665947303e-03 5.498294183519474715e-03
2.885771543086172120e+00 2.401341035198391056e-03 2.993804548479568270e-03 5.395145583677958892e-03
2.925851703406813442e+00 2.441004830411732090e-03 2.812641287089300522e-03 5.253646117501032178e-03
2.965931863727454765e+00 2.460876465394491036e-03 2.637909316470852042e-03 5.098785781865343078e-03
3.006012024048096087e+00 2.464072785696917126e-03 2.492937846202985478e-03 4.957010631899902604e-03
3.046092184368737410e+00 2.455628555357841376e-03 2.397206202313918039e-03 4.852834757671758981e-03
3.086172344689378733e+00 2.441969473078680394e-03 2.363733124621348637e-03 4.805702597700028597e-03
3.126252505010020055e+00 2.430224309766246000e-03 2.397483236942395124e-03 4.827707546708640690e-03
3.166332665330661378e+00 2.427451700852891088e-03 2.495110690928459014e-03 4.922562391781350535e-03
3.206412825651302256e+00 2.439865592067400578e-03 2.646028507721249513e-03 5.085894099788650091e-03
3.246492985971943579e+00 2.472142642969508454e-03 2.834470795514435100e-03 5.306613438483943554e-03
3.286573146292584902e+00 2.526885962975131041e-03 3.042013193346318652e-03 5.568899156321449259e-03
3.326653306613226224e+00 2.604303800967342451e-03 3.249996526062649393e-03 5.854300327029991410e-03
3.366733466933867547e+00 2.702140745668208614e-03 3.441450802060183004e-03 6.143591547728391618e-03
3.406813627254508869e+00 2.815874124532175699e-03 3.602367235135572887e-03 6.418241359667748586e-03
3.446893787575150192e+00 2.939161264104030342e-03 3.722407778076369453e-03 6.661569042180399795e-03
3.486973947895791515e+00 3.064496159033812481e-03 3.795279391426402502e-03 6.859775550460214984e-03
3.527054108216432837e+00 3.184009531319814765e-03 3.818989330784919051e-03 7.002998862104733817e-03
3.567134268537074160e+00 3.290327333793443415e-03 3.796061182414424591e-03 7.086388516207868006e-03
3.607214428857715482e+00 3.377392520001704784e-03 3.733608123667000490e-03 7.111000643668705275e-03
3.647294589178356361e+00 3.441155679239896528e-03 3.643029248793188193e-03 7.084184928033084722e-03
3.687374749498997684e+00 3.480052774141422379e-03 3.539092395369517266e-03 7.019145169510939211e-03
3.727454909819639006e+00 3.495211669427957316e-03 3.438310563125572192e-03 6.933522232553529507e-03
3.767535070140280329e+00 3.490360468843058204e-03 3.356759367397211570e-03 6.847119836240270208e-03
3.807615230460921651e+00 3.471445572755796870e-03 3.307723024713484124e-03 6.779168597469280994e-03
3.847695390781562974e+00 3.446001009288243971e-03 3.299692099557760376e-03 6.745693108846003913e-03
3.887775551102204297e+00 3.422338595902818439e-03 3.335201065772754742e-03 6.757539661675573614e-03
3.927855711422845619e+00 3.408647676168009930e-03 3.410787928275175237e-03 6.819435604443185167e-03
3.967935871743486942e+00 3.412101938008062132e-03 3.518050502672001676e-03 6.930152440680063808e-03
4.008016032064127820e+00 3.438069047601243454e-03 3.645474785636734164e-03 7.083543833237978052e-03
4.048096192384769587e+00 3.489507532000286037e-03 3.780527674679139052e-03 7.270035206679424655e-03
4.088176352705410466e+00 3.566616135305744357e-03 3.911500660048897529e-03 7.478116795354641452e-03
4.128256513026052232e+00 3.666775618523963106e-03 4.028754575260033895e-03 7.695530193783996567e-03
4.168336673346693111e+00 3.784793642026125244e-03 4.125274461612031540e-03 7.910068103638156350e-03
4.208416833667334878e+00 3.913432145744063194e-03 4.196690673443819256e-03 8.110122819187881582e-03
4.248496993987975756e+00 4.044166115906831956e-03 4.241060934137974060e-03 8.285227050044806016e-03
4.288577154308616635e+00 4.168095867579945518e-03 4.258691723817707372e-03 8.426787591397652891e-03
4.328657314629258401e+00 4.276915320569726203e-03 4.252127777183842099e-03 8.529043097753569169e-03
4.368737474949899280e+00 4.363829293560802895e-03 4.226234485922930953e-03 8.590063779483732981e-03
4.408817635270541047e+00 4.424315716688805369e-03 4.188140905926674741e-03 8.612456622615480978e-03
4.448897795591181925e+00 4.456644366708151749e-03 4.146780254789437029e-03 8.603424621497587910e-03
4.488977955911823692e+00 4.462090768048789652e-03 4.111882815838486908e-03 8.573973583887277428e-03
4.529058116232464570e+00 4.444818892193570445e-03 4.092498107801201095e-03 8.537316999994770672e-03
4.569138276553106337e+00 4.411444529297945359e-03 4.095354982218559793e-03 8.506799511516505152e-03
4.609218436873747216e+00 4.370327589444317380e-03 4.123506664076630364e-03 8.493834253520947744e-03
4.649298597194388982e+00 4.330671549814823357e-03 4.175684550158237363e-03 8.506356099973060719e-03
4.689378757515029861e+00 4.301528516605905399e-03 4.246596986774806015e-03 8.548125503380712281e-03
4.729458917835670739e+00 4.290817263682947594e-03 4.328122415135329977e-03 8.618939678818278438e-03
4.769539078156312506e+00 4.304459037297959922e-03 4.411067435649007606e-03 8.715526472946967529e-03
4.809619238476953385e+00 4.345722932078018713e-03 4.486995183031187127e-03 8.832718115109206708e-03
4.849699398797595151e+00 4.414850988187301629e-03 4.549638988739965716e-03 8.964489976927267345e-03
4.889779559118236030e+00 4.509004903759738538e-03 4.595592536209901907e-03 9.104597439969639577e-03
4.929859719438877796e+00 4.622543679223750819e-03 4.624237303999566631e-03 9.246780983223318318e-03
4.969939879759518675e+00 4.747607180564697785e-03 4.637123193221038935e-03 9.384730373785735852e-03
5.010020040080160442e+00 4.874947524393108932e-03 4.637160836441860633e-03 9.512108360834969564e-03
5.050100200400801320e+00 4.994921770883765932e-03 4.627965804956214041e-03 9.622887575839979973e-03
5.090180360721443087e+00 5.098539223485448919e-03 4.613535833573485616e-03 9.712075057058934535e-03
5.130260521042083965e+00 5.178447806290622894e-03 4.598220931801243021e-03 9.776668738091865915e-03
5.170340681362724844e+00 5.229748497547902393e-03 4.586765797418654138e-03 9.816514294966556531e-03
5.210420841683366611e+00 5.250544837256210760e-03 4.584147133869235363e-03 9.834691971125446991e-03
5.250501002004007489e+00 5.242164222735008067e-03 4.595022283625197802e-03 9.837186506360205002e-03
5.290581162324649256e+00 5.209025299314763886e-03 4.622809301048830255e-03 9.831834600363593274e-03
5.330661322645290134e+00 5.158166250493336630e-03 4.668641012192476479e-03 9.826807262685813976e-03
5.370741482965931901e+00 5.098486901603354639e-03 4.730574258167386317e-03 9.829061159770741823e-03
5.410821643286572780e+00 5.039788636758870365e-03 4.803421026598992533e-03 9.843209663357863765e-03
5.450901803607214546e+00 4.991716916170934465e-03 4.879394951467451273e-03 9.871111867638386606e-03
5.490981963927855425e+00 4.962720056629463597e-03 4.949496606212700975e-03 9.912216662842164572e-03
5.531062124248497192e+00 4.959134833734906225e-03 5.005298639960160424e-03 9.964433473695067517e-03
5.571142284569138070e+00 4.984495462814148362e-03 5.040641260622310410e-03 1.002513672343645877e-02
5.611222444889778949e+00 5.039139393672452047e-03 5.052770649213994894e-03 1.009191004288644694e-02
5.651302605210420715e+00 5.120153264041616380e-03 5.042639976392876942e-03 1.016279324043449332e-02
5.691382765531061594e+00 5.221667731677149572e-03 5.014371903276459812e-03 1.023603963495360938e-02
5.731462925851703361e+00 5.335473549701241422e-03 4.974144554105113143e-03 1.030961810380635543e-02
5.771543086172344239e+00 5.451896445689755413e-03 4.928910566171277284e-03 1.038080701186103183e-02
5.811623246492986006e+00 5.560838807449845940e-03 4.885340639570559008e-03 1.044617944702040495e-02
5.851703406813626884e+00 5.652875620106192871e-03 4.849217474173879265e-03 1.050209309428007214e-02
5.891783567134268651e+00 5.720283719588170786e-03 4.825271382493054491e-03 1.054555510208122528e-02
5.931863727454909530e+00 5.757889092626970740e-03 4.817249545600075546e-03 1.057513863822704542e-02
5.971943887775551296e+00 5.763636613811735747e-03 4.827932709795377045e-03 1.059156932360711192e-02
6.012024048096192175e+00 5.738818075858126769e-03 4.858887017432273608e-03 1.059770509329040038e-02
6.052104208416833053e+00 5.687933578821764875e-03 4.909927620663531549e-03 1.059786119948529642e-02
6.092184368737474820e+00 5.618203087227103577e-03 4.978486017991853516e-03 1.059668910521895796e-02
6.132264529058115698e+00 5.538783856187982739e-03 5.059212769054303310e-03 1.059799662524228692e-02
6.172344689378757465e+00 5.459780857450639152e-03 5.144140688036162937e-03 1.060392154548680209e-02
6.212424849699398344e+00 5.391158131229011226e-03 5.223572551988481076e-03 1.061473068321749230e-02
6.252505010020040110e+00 5.341667654852519029e-03 5.287600682340135722e-03 1.062926833719265475e-02
6.292585170340680989e+00 5.317908869149143812e-03 5.327915590297375124e-03 1.064582445944651894e-02
6.332665330661322756e+00 5.323617544440452029e-03 5.339420219126477483e-03 1.066303776356692865e-02
6.372745490981963634e+00 5.359258954901055354e-03 5.321196085973660742e-03 1.068045504087471523e-02
6.412825651302604513e+00 5.421969486587970878e-03 5.276561048719163177e-03 1.069853053530713319e-02
6.452905811623246279e+00 5.505855279177927775e-03 5.212243355972012368e-03 1.071809863514994014e-02
6.492985971943887158e+00 5.602619186154451751e-03 5.136964777296850956e-03 1.073958396345130184e-02
6.533066132264528925e+00 5.702451671146767376e-03 5.059876481286816434e-03 1.076232815243358468e-02
6.573146292585169803e+00 5.795091119431865050e-03 4.989272916136015465e-03 1.078436403556787965e-02
6.613226452905811570e+00 5.870938336037138244e-03 4.931838228175290315e-03 1.080277656421242856e-02
6.653306613226452448e+00 5.922101960387795259e-03 4.892434646811399772e-03 1.081453660719919503e-02
6.693386773547094215e+00 5.943257946700535206e-03 4.874228326230909021e-03 1.081748627293144423e-02
6.733466933867735094e+00 5.932226904072009609e-03 4.878853907722413563e-03 1.081108081179442404e-02
6.773547094188376860e+00 5.890205521634038835e-03 4.906378866249571508e-03 1.079658438788361034e-02
6.813627254509017739e+00 5.821628226076409028e-03 4.955008631286676908e-03 1.077663685736308594e-02
6.853707414829658617e+00 5.733677271664386690e-03 5.020686650960707112e-03 1.075436392262509380e-02
6.893787575150300384e+00 5.635498240527250097e-03 5.096888133729063353e-03 1.073238637425631345e-02
6.933867735470941263e+00 5.537208926740800480e-03 5.174909746935468444e-03 1.071211867367626892e-02
6.973947895791583029e+00 5.448809803936384248e-03 5.244808994867147973e-03 1.069361879880353222e-02
7.014028056112223908e+00 5.379112433773938773e-03 5.296902232071752474e-03 1.067601466584569211e-02
7.054108216432865675e+00 5.334798415090204367e-03 5.323489210703296649e-03 1.065828762579350102e-02
7.094188376753506553e+00 5.319706949269822037e-03 5.320336889227326484e-03 1.064004383849714852e-02
7.134268537074148320e+00 5.334425508078659284e-03 5.287487397661898639e-03 1.062191290574055792e-02
7.174348697394789198e+00 5.376227450845154528e-03 5.229149093868215928e-03 1.060537654471337132e-02
7.214428857715430965e+00 5.439365091401650830e-03 5.152714620730391645e-03 1.059207971213204161e-02
7.254509018036071843e+00 5.515689502216898112e-03 5.067217870402900524e-03 1.058290737261979864e-02
7.294589178356712722e+00 5.595532726250841866e-03 4.981691655240662840e-03 1.057722438149150471e-02
7.334669338677354489e+00 5.668758008112818013e-03 4.903866364554623249e-03 1.057262437266744126e-02
7.374749498997995367e+00 5.725863148531980425e-03 4.839472788230721190e-03 1.056533593676270075e-02
7.414829659318637134e+00 5.759014407437392652e-03 4.792157361281886366e-03 1.055117176871927902e-02
7.454909819639278012e+00 5.762895280845697042e-03 4.763792118945850765e-03 1.052668739979154694e-02
7.494989979959919779e+00 5.735275585204794961e-03 4.754855666257279054e-03 1.049013125146207315e-02
7.535070140280560658e+00 5.677238974726895801e-03 4.764612773712797490e-03 1.044185174843969416e-02
7.575150300601202424e+00 5.593046824903914228e-03 4.790997450878038862e-03 1.038404427578195309e-02
7.615230460921843303e+00 5.489657891923576880e-03 4.830321836026570288e-03 1.031997972795014804e-02
7.655310621242485070e+00 5.375960939172885235e-03 4.877088476063680574e-03 1.025304941523656581e-02
7.695390781563125948e+00 5.261807275568889178e-03 4.924201837990901075e-03 1.018600911355978939e-02
7.735470941883766827e+00 5.156949150286890653e-03 4.963741810987441945e-03 1.012069096127433260e-02
7.775551102204408593e+00 5.069997169942430486e-03 4.988230157969116701e-03 1.005822732791154805e-02
7.815631262525049472e+00 5.007505707700646118e-03 4.992088032666612898e-03 9.999593740367258149e-03
7.855711422845691239e+00 4.973280890142280260e-03 4.972850303593937329e-03 9.946131193736218457e-03
7.895791583166332117e+00 4.967982823704288065e-03 4.931732822597360323e-03 9.899715646301647520e-03
7.935871743486973884e+00 4.989064112650382597e-03 4.873338192701037047e-03 9.862402305351420512e-03
7.975951903807614762e+00 5.031052564184315852e-03 4.804564762593190735e-03 9.835617326777505720e-03
8.016032064128255641e+00 5.086149933887570453e-03 4.733045461782427361e-03 9.819195395669997814e-03
8.056112224448897408e+00 5.145083986014737688e-03 4.665586410533298541e-03 9.810670396548036229e-03
8.096192384769539174e+00 5.198121951735396214e-03 4.607045868963625598e-03 9.805167820699022679e-03
8.136272545090179165e+00 5.236133664497020362e-03 4.559907171073703143e-03 9.796040835570722638e-03
8.176352705410820931e+00 5.251585517594937851e-03 4.524532762354525374e-03 9.776118279949463225e-03
8.216432865731462698e+00 5.239353636101068065e-03 4.499848573314750577e-03 9.739202209415818642e-03
8.256513026052104465e+00 5.197265818491256933e-03 4.484092246044912161e-03 9.681358064536169095e-03
8.296593186372744455e+00 5.126314129744484992e-03 4.475305335491413898e-03 9.601619465235898890e-03
8.336673346693386222e+00 5.030518942829737342e-03 4.471429342977018169e-03 9.501948285806756378e-03
8.376753507014027988e+00 4.916465259192556378e-03 4.470093275060061169e-03 9.386558534252617547e-03
8.416833667334669755e+00 4.792568032879805304e-03 4.468352592748477126e-03 9.260920625628282429e-03
8.456913827655309746e+00 4.668150885394128924e-03 4.462678230650453035e-03 9.130829116044581958e-03
8.496993987975951512e+00 4.552439639236676751e-03 4.449381548282309827e-03 9.001821187518986578e-03
8.537074148296593279e+00 4.453577846225670496e-03 4.425445546596474752e-03 8.879023392822146116e-03
8.577154308617233269e+00 4.377766584071662512e-03 4.389509619078560756e-03 8.767276203150223268e-03
8.617234468937875036e+00 4.328616610675121122e-03 4.342625306826319691e-03 8.671241917501440813e-03
8.657314629258516803e+00 4.306779111706167049e-03 4.288427271581142161e-03 8.595206383287309210e-03
8.697394789579158569e+00 4.309893418983871440e-03 4.232545210658916410e-03 8.542438629642788717e-03
8.737474949899798560e+00 4.332858071909984239e-03 4.181351447284500922e-03 8.514209519194484294e-03
8.777555110220440326e+00 4.368397801927648844e-03 4.140389642597333379e-03 8.508787444524983090e-03
8.817635270541082093e+00 4.407866536914393021e-03 4.112961455131963415e-03 8.520827992046356436e-03
8.857715430861723860e+00 4.442199097335884986e-03 4.099305508872309878e-03 8.541504606208194864e-03
8.897795591182363850e+00 4.462905788693389761e-03 4.096601603126004063e-03 8.559507391819393823e-03
8.937875751503005617e+00 4.462997809975412060e-03 4.099751258228544019e-03 8.562749068203956079e-03
8.977955911823647384e+00 4.437738955516419559e-03 4.102633511027623490e-03 8.540372466544043917e-03
9.018036072144287374e+00 4.385139957905834218e-03 4.099408657058157580e-03 8.484548614963990931e-03
9.058116232464929141e+00 4.306143180741648334e-03 4.085485476679901959e-03 8.391628657421549425e-03
9.098196392785570907e+00 4.204482613319523478e-03 4.057952295818447082e-03 8.262434909137970560e-03
9.138276553106212674e+00 4.086241826289718077e-03 4.015514383212430947e-03 8.101756209502149891e-03
9.178356713426852664e+00 3.959165637787890810e-03 3.958174216482151717e-03 7.917339854270042526e-03
9.218436873747494431e+00 3.831805933616616068e-03 3.886955847573116390e-03 7.718761781189732024e-03
9.258517034068136198e+00 3.712596401397055650e-03 3.803887220297258020e-03 7.516483621694313236e-03
9.298597194388777964e+00 3.608954635053696416e-03 3.712259532472461827e-03 7.321214167526158244e-03
9.338677354709417955e+00 3.526504139140481438e-03 3.616972888197256177e-03 7.143477027337737616e-03
9.378757515030059722e+00 3.468494778384950163e-03 3.524652419780271821e-03 6.993147198165221984e-03
9.418837675350701488e+00 3.435479781010029616e-03 3.443242968607441220e-03 6.878722749617470836e-03
9.458917835671341479e+00 3.425281975944082132e-03 3.380963542488151907e-03 6.806245518432233604e-03
9.498997995991983245e+00 3.433253031575233139e-03 3.344759966732469784e-03 6.778012998307702923e-03
9.539078156312625012e+00 3.452799014225315256e-03 3.338631024301518587e-03 6.791430038526833843e-03
9.579158316633266779e+00 3.476116298037844853e-03 3.362319333461002632e-03 6.838435631498847485e-03
9.619238476953906769e+00 3.495057161423534026e-03 3.410798568609415670e-03 6.905855730032949696e-03
9.659318637274548536e+00 3.502027973053047864e-03 3.474768291942237353e-03 6.976796264995284783e-03
9.699398797595190302e+00 3.490817788687314033e-03 3.542066127762491089e-03 7.032883916449805123e-03
9.739478957915832069e+00 3.457263031029253302e-03 3.599636545703842165e-03 7.056899576733095467e-03
9.779559118236472059e+00 3.399674139001164410e-03 3.635555587232757596e-03 7.035229726233922440e-03
9.819639278557113826e+00 3.318979825352429743e-03 3.640647856639493175e-03 6.959627681991922485e-03
9.859719438877755593e+00 3.218579316792037973e-03 3.609421266664022705e-03 6.828000583456060243e-03
9.899799599198395583e+00 3.103927395282589895e-03 3.540302228740069800e-03 6.644229624022659694e-03
9.939879759519037350e+00 2.981906398858438778e-03 3.435371956276240916e-03 6.417278355134679695e-03
9.979959919839679117e+00 2.860060186704072548e-03 3.299898306068917500e-03 6.159958492772990048e-03
1.002004008016032088e+01 2.745775925442593864e-03 3.141899515546807582e-03 5.887675440989401446e-03
1.006012024048096087e+01 2.645500664969171155e-03 2.971806344584845046e-03 5.617307009554015768e-03
1.010020040080160264e+01 2.564072453929988789e-03 2.802096532673142588e-03 5.366168986603131810e-03
1.014028056112224441e+01 2.504232006390824401e-03 2.646658782245949523e-03 5.150890788636773923e-03
1.018036072144288617e+01 2.466362291406748713e-03 2.519667593049006345e-03 4.986029884455754624e-03
1.022044088176352616e+01 2.448481115839647951e-03 2.433917341830715061e-03 4.882398457670363012e-03
1.026052104208416793e+01 2.446486903348116249e-03 2.398810905847688444e-03 4.845297809195804259e-03
1.030060120240480970e+01 2.454631864806802212e-03 2.418421789461967179e-03 4.873053654268769824e-03
1.034068136272544969e+01 2.466171771085574806e-03 2.490148872954123672e-03 4.956320644039698478e-03
1.038076152304609145e+01 2.474120533485145174e-03 2.604404667389377537e-03 5.078525200874522277e-03
1.042084168336673322e+01 2.472024087314306576e-03 2.745536247753259124e-03 5.217560335067565266e-03
1.046092184368737499e+01 2.454664517831090138e-03 2.893853393596048165e-03 5.348517911427138304e-03
1.050100200400801498e+01 2.418613436984120776e-03 3.028345590732229621e-03 5.446959027716350397e-03
1.054108216432865675e+01 2.362572732592187284e-03 3.129511425743824495e-03 5.492084158336012212e-03
1.058116232464929851e+01 2.287468216165998262e-03 3.181750670340934787e-03 5.469218886506933483e-03
1.062124248496994028e+01 2.196292994929375294e-03 3.174959095304629407e-03 5.371252090234004267e-03
1.066132264529058027e+01 2.093727573492690491e-03 3.105235518615646548e-03 5.198963092108337472e-03
1.070140280561122204e+01 1.985588309913402603e-03 2.974851001481747595e-03 4.960439311395149764e-03
1.074148296593186380e+01 1.878172001125224914e-03 2.791752755801652375e-03 4.669924756926877724e-03
1.078156312625250379e+01 1.777571103013433863e-03 2.568847674331450458e-03 4.346418777344884105e-03
1.082164328657314556e+01 1.689032201943064951e-03 2.323167637290119228e-03 4.012199839233183962e-03
1.086172344689378733e+01 1.616421711129481954e-03 2.074846417867018313e-03 3.691268128996500267e-03
1.090180360721442909e+01 1.561849442214390676e-03 1.845733299983162235e-03 3.407582742197552694e-03
1.094188376753506908e+01 1.525484335106261011e-03 1.657496864776472059e-03 3.182981199882733286e-03
1.098196392785571085e+01 1.505578208256645473e-03 1.529237634977846259e-03 3.034815843234491516e-03
1.102204408817635262e+01 1.498693535818396540e-03 1.474869062819431694e-03 2.973562598637828451e-03
1.106212424849699438e+01 1.500110769893729743e-03 1.500740655857918295e-03 3.000851425751648038e-03
1.110220440881763437e+01 1.504371101271833808e-03 1.604064597378961282e-03 3.108435698650794873e-03
1.114228456913827614e+01 1.505894133095480843e-03 1.772612540229036001e-03 3.278506673324516844e-03
1.118236472945891791e+01 1.499599561965925297e-03 1.985886926774730818e-03 3.485486488740655898e-03
1.122244488977955790e+01 1.481460162280623166e-03 2.217622569199641236e-03 3.699082731480264619e-03
1.126252505010019966e+01 1.448921483436194438e-03 2.439156389592380975e-03 3.888077873028575413e-03
1.130260521042084143e+01 1.401141133886866282e-03 2.623022854730579310e-03 4.024163988617445592e-03
1.134268537074148320e+01 1.339024746219495340e-03 2.746144029410397137e-03 4.085168775629892043e-03
1.138276553106212319e+01 1.265062576165339571e-03 2.792167797693126310e-03 4.057230373858466098e-03
1.142284569138276495e+01 1.182995562634133998e-03 2.752783930716440949e-03 3.935779493350575163e-03
1.146292585170340672e+01 1.097358617990123152e-03 2.628105583375555266e-03 3.725464201365678418e-03
1.150300601202404849e+01 1.012959595107528268e-03 2.426351511646886519e-03 3.439311106754414787e-03
1.154308617234468848e+01 9.343544532386460289e-04 2.163064603789713672e-03 3.097419057028359592e-03
1.158316633266533024e+01 8.653740020097557776e-04 1.859985682474117131e-03 2.725359684483872908e-03
1.162324649298597201e+01 8.087475693496911592e-04 1.543550006302356944e-03 2.352297575652048320e-03
1.166332665330661200e+01 7.658563489480895879e-04 1.242883176135787127e-03 2.008739525083876824e-03
1.170340681362725377e+01 7.366356635549071172e-04 9.872090860640364996e-04 1.723844749618943725e-03
1.174348697394789554e+01 7.196316304223392048e-04 8.027505324235325321e-04 1.522382162845871845e-03
1.178356713426853730e+01 7.122038096171909001e-04 7.094433305174064437e-04 1.421647140134597344e-03
1.182364729458917729e+01 7.108514414923134935e-04 7.179958906075681888e-04 1.428847332099881682e-03
1.186372745490981906e+01 7.116275519662066231e-04 8.279074019393177801e-04 1.539534953905524403e-03
1.190380761523046083e+01 7.105941328385947725e-04 1.026952349851317867e-03 1.737546482689912748e-03
1.194388777555110259e+01 7.042650305909990607e-04 1.292360644535834420e-03 1.996625675126833480e-03
1.198396793587174258e+01 6.899832536371104707e-04 1.593552732846787194e-03 2.283535986483897773e-03
1.202404809619238435e+01 6.661873025466926107e-04 1.895946726084766446e-03 2.562134028631458948e-03
1.206412825651302612e+01 6.325363330588069368e-04 2.165150048295203140e-03 2.797686381354010186e-03
1.210420841683366611e+01 5.898841291292159384e-04 2.370840002456959909e-03 2.960724131586175631e-03
1.214428857715430787e+01 5.401132792300962363e-04 2.489811312807187031e-03 3.029924592037283159e-03
1.218436873747494964e+01 4.858595181031861109e-04 2.507944589131520276e-03 2.993804107234706441e-03
1.222444889779559141e+01 4.301685890304927083e-04 2.421117832698149556e-03 2.851286421728642211e-03
1.226452905811623140e+01 3.761325352041286789e-04 2.235249024712604709e-03 2.611381559916733496e-03
1.230460921843687316e+01 3.265493739196179590e-04 1.965680197414176617e-03 2.292229571333794739e-03
1.234468937875751493e+01 2.836416251069236931e-04 1.636018364150482272e-03 1.919659989257406019e-03
1.238476953907815670e+01 2.488579310985094975e-04 1.276415147715667968e-03 1.525273078814177573e-03
1.242484969939879669e+01 2.227705738261693711e-04 9.211893083298724767e-04 1.143959882156041739e-03
1.246492985971943845e+01 2.050716404038529963e-04 6.057410329125274395e-04 8.108126733163804629e-04
1.250501002004008022e+01 1.946622582466372238e-04 3.628807540714433576e-04 5.575430123180805542e-04
1.254509018036072021e+01 1.898221841004474786e-04 2.189400745670878434e-04 4.087622586675353220e-04
1.258517034068136198e+01 1.884403850861729153e-04 1.902470333571001731e-04 3.786874184432730884e-04
1.262525050100200374e+01 1.882809469649748932e-04 2.806306591047189655e-04 4.689116060696938587e-04
1.266533066132264551e+01 1.872534763678160882e-04 4.805118470361406441e-04 6.677653234039566781e-04
1.270541082164328550e+01 1.836547031889614599e-04 7.678507911858443134e-04 9.515054943748058004e-04
1.274549098196392727e+01 1.763499483333611547e-04 1.110836363808116907e-03 1.287186312141478089e-03
1.278557114228456904e+01 1.648704921560737466e-04 1.471840147111193754e-03 1.636710639267267581e-03
1.282565130260520903e+01 1.494152420346263007e-04 1.811930557387527851e-03 1.961345799422154097e-03
1.286573146292585079e+01 1.307604303626967073e-04 2.095213430166072317e-03 2.225973860528768916e-03
1.290581162324649256e+01 1.100961783955181498e-04 2.292423979798341883e-03 2.402520158193859924e-03
1.294589178356713433e+01 8.882019211128467794e-05 2.383464385147271783e-03 2.472284577258556434e-03
1.298597194388777432e+01 6.832401443442704747e-05 2.358851956998480812e-03 2.427175971432907805e-03
1.302605210420841608e+01 4.980523063204252506e-05 2.220218594605345794e-03 2.270023825237388326e-03
1.306613226452905785e+01 3.413084752202676840e-05 1.980038391639656840e-03 2.014169239161683628e-03
1.310621242484969962e+01 2.176531594592295371e-05 1.660679363319295847e-03 1.682444679265218896e-03
1.314629258517033961e+01 1.276452329306781011e-05 1.292753599667135394e-03 1.305518122960203304e-03
1.318637274549098137e+01 6.827268308977273228e-06 9.126713057722558127e-04 9.194985740812331105e-04
1.322645290581162314e+01 3.389694827140101262e-06 5.593554966632649722e-04 5.627451914904050417e-04
1.326653306613226313e+01 1.745845645006702530e-06 2.702543581245848829e-04 2.720002037695915843e-04
1.330661322645290490e+01 1.177710456405709712e-06 7.704066675507658681e-05 7.821837721148229398e-05
1.334669338677354666e+01 1.079345672813211408e-06 1.611386794809268508e-06 2.690732467622479917e-06
1.338677354709418843e+01 1.060787797840861426e-06 5.309242312315120069e-05 5.415321092099206529e-05
1.342685370741482842e+01 1.018499313516797265e-06 2.264522260552022327e-04 2.274707253687190177e-04
1.346693386773547019e+01 1.160848191463137470e-06 5.030424486870690385e-04 5.042032968785322257e-04
1.350701402805611195e+01 1.980877716752305031e-06 8.529932318456477387e-04 8.549741095624000496e-04
1.354709418837675372e+01 4.175187074201807903e-06 1.239015221315294861e-03 1.243190408389496619e-03
1.358717434869739371e+01 8.516813748322573684e-06 1.620915523278409869e-03 1.629432337026732363e-03
1.362725450901803548e+01 1.569994600883923373e-05 1.960086863395205797e-03 1.975786809404044865e-03
1.366733466933867724e+01 2.618249509000958864e-05 2.223371586458362369e-03 2.249554081548371751e-03
1.370741482965931723e+01 4.005631811640562433e-05 2.385960951827585837e-03 2.426017269943991569e-03
1.374749498997995900e+01 5.697241583762144686e-05 2.433257063800344649e-03 2.490229479637966117e-03
1.378757515030060077e+01 7.613962471627798662e-05 2.361802338446994040e-03 2.437941963163272122e-03
1.382765531062124253e+01 9.640194022286461292e-05 2.179422439708934497e-03 2.275824379931799205e-03
1.386773547094188253e+01 1.163847901970165195e-04 1.904652818329102782e-03 2.021037608526119085e-03
1.390781563126252429e+01 1.346878612868698745e-04 1.565400731452470853e-03 1.700088592739340673e-03
1.394789579158316606e+01 1.500942799862355884e-04 1.196727359075577075e-03 1.346821639061812582e-03
1.398797595190380783e+01 1.617643235204049151e-04 8.376872224663307756e-04 9.994515459867355824e-04
1.402805611222444782e+01 1.693858635821046221e-04 5.273456917659057617e-04 6.967315553480103296e-04
1.406813627254508958e+01 1.732615450757830596e-04 3.003550852628249375e-04 4.736166303386079700e-04
1.410821643286573135e+01 1.743218926109260506e-04 1.827053595268017690e-04 3.570272521377277925e-04
1.414829659318637134e+01 1.740621707737631876e-04 1.883719745685927943e-04 3.624341453423560091e-04
1.418837675350701311e+01 1.744079898270424456e-04 3.174968662734253453e-04 4.919048561004677909e-04
1.422845691382765487e+01 1.775205292943295241e-04 5.564639400015690841e-04 7.339844692958986082e-04
1.426853707414829664e+01 1.855576445605374976e-04 8.798443734112296319e-04 1.065402017971767102e-03
1.430861723446893663e+01 2.004126753040749666e-04 1.253808497652453020e-03 1.454221172956527905e-03
1.434869739478957840e+01 2.234583211776008189e-04 1.640346575859404857e-03 1.863804897037005595e-03
1.438877755511022016e+01 2.553272583903251039e-04 2.001579555788358337e-03 2.256906814178683603e-03
1.442885771543086193e+01 2.957622699911402627e-04 2.303569620780669593e-03 2.599331890771809910e-03
1.446893787575150192e+01 3.435646297500467936e-04 2.519288078224035492e-03 2.862852707974082068e-03
1.450901803607214369e+01 3.966593712662171492e-04 2.630657703132702023e-03 3.027317074398919172e-03
1.454909819639278545e+01 4.522806022321887052e-04 2.629760121610267946e-03 3.082040723842456760e-03
1.458917835671342544e+01 5.072616604569762802e-04 2.519337034496286869e-03 3.026598694953263041e-03
1.462925851703406721e+01 5.583973264842287312e-04 2.312634589156033031e-03 2.871031915640261979e-03
1.466933867735470898e+01 6.028323371825750239e-04 2.032516210865333278e-03 2.635348548047908301e-03
1.470941883767535074e+01 6.384249199948268056e-04 1.709694721535554929e-03 2.348119641530381843e-03
1.474949899799599073e+01 6.640369979291374470e-04 1.379980695461261982e-03 2.044017693390399321e-03
1.478957915831663250e+01 6.797130802469685505e-04 1.080624912632972530e-03 1.760337992879941081e-03
1.482965931863727427e+01 6.867250767410020169e-04 8.460961687112965183e-04 1.532821245452298427e-03
1.486973947895791603e+01 6.874771618214666315e-04 7.038821597754114012e-04 1.391359321596878033e-03
1.490981963927855602e+01 6.852805773455783803e-04 6.710247388455810617e-04 1.356305316191159550e-03
1.494989979959919779e+01 6.840212112805401984e-04 7.520340802208474919e-04 1.436055291501387582e-03
1.498997995991983956e+01 6.877524774647759661e-04 9.385705172350592611e-04 1.626322994699835227e-03
1.503006012024047955e+01 7.002528384220045154e-04 1.210910645252237646e-03 1.911163483674242162e-03
1.507014028056112132e+01 7.245917641645465432e-04 1.540842773111970225e-03 2.265434537276516877e-03
1.511022044088176308e+01 7.627499731656333217e-04 1.895382325907018963e-03 2.658132299072652176e-03
1.515030060120240485e+01 8.153386246434682219e-04 2.240631213025371521e-03 3.055969837668839634e-03
1.519038076152304484e+01 8.814563690401532254e-04 2.545225918069563432e-03 3.426682287109716549e-03
1.523046092184368661e+01 9.587116567535261319e-04 2.783058530509484145e-03 3.741770187263010385e-03
1.527054108216432837e+01 1.043420336540569482e-03 2.935207198016901060e-03 3.978627534557470542e-03
1.531062124248497014e+01 1.130966852430804288e-03 2.991179153661426525e-03 4.122146006092231030e-03
1.535070140280561013e+01 1.216294419484079776e-03 2.949599874840059133e-03 4.165894294324138693e-03
1.539078156312625190e+01 1.294469578164546102e-03 2.818391954394017761e-03 4.112861532558563862e-03
1.543086172344689366e+01 1.361253557158671398e-03 2.614349520502917430e-03 3.975603077661588394e-03
1.547094188376753365e+01 1.413609713070961135e-03 2.361923739936915272e-03 3.775533453007876190e-03
1.551102204408817542e+01 1.450083676886668475e-03 2.091066078200273879e-03 3.541149755086942137e-03
1.555110220440881719e+01 1.471009187878179062e-03 1.834146505110198283e-03 3.305155692988377344e-03
1.559118236472945895e+01 1.478514691499475953e-03 1.622224709351180461e-03 3.100739400850656413e-03
1.563126252505009894e+01 1.476329679204004420e-03 1.481205794016617625e-03 2.957535473220622262e-03
1.567134268537074071e+01 1.469411917667793211e-03 1.428551201232144789e-03 2.897963118899938000e-03
1.571142284569138248e+01 1.463434793153419681e-03 1.471170414571331417e-03 2.934605207724751315e-03
1.575150300601202424e+01 1.464187008959832266e-03 1.604886494457084247e-03 3.069073503416916513e-03
1.579158316633266423e+01 1.476944871262829461e-03 1.815517176597346554e-03 3.292462047860176232e-03
1.583166332665330600e+01 1.505880774796349497e-03 2.081257220273386756e-03 3.587137995069736469e-03
1.587174348697394777e+01 1.553570348544133003e-03 2.375802204525691731e-03 3.929372553069824733e-03
1.591182364729458776e+01 1.620654564635985988e-03 2.671590615616028369e-03 4.292245180252014791e-03
1.595190380761522952e+01 1.705701145872248531e-03 2.942661078079853842e-03 4.648362223952102155e-03
1.599198396793587129e+01 1.805291359045816833e-03 3.166858122975583101e-03 4.972149482021399718e-03
1.603206412825651128e+01 1.914334389292421390e-03 3.327367860673076556e-03 5.241702249965497946e-03
1.607214428857715305e+01 2.026584193317526161e-03 3.413725449898500665e-03 5.440309643216026392e-03
1.611222444889779482e+01 2.135306791584387024e-03 3.422457200195772563e-03 5.557763991780160021e-03
1.615230460921843658e+01 2.234023961608153259e-03 3.357416004920473970e-03 5.591439966528627230e-03
1.619238476953907835e+01 2.317246483056374651e-03 3.229711940542966987e-03 5.546958423599341638e-03
1.623246492985972012e+01 2.381109183367299386e-03 3.057027103711222257e-03 5.438136287078522077e-03
1.627254509018035833e+01 2.423831440899445848e-03 2.862112488184667593e-03 5.285943929084113008e-03
1.631262525050100010e+01 2.445948487445373000e-03 2.670417198890892487e-03 5.116365686336265053e-03
1.635270541082164186e+01 2.450286953124664133e-03 2.507051499724572211e-03 4.957338452849235910e-03
1.639278557114228363e+01 2.441688019851648121e-03 2.393539586096437091e-03 4.835227605948085212e-03
1.643286573146292540e+01 2.426509134126735630e-03 2.344968843907751632e-03 4.771477978034487262e-03
1.647294589178356716e+01 2.411957581587840984e-03 2.368116984668225834e-03 4.780074566256066818e-03
1.651302605210420893e+01 2.405324964778875196e-03 2.460930093604650568e-03 4.866255058383525331e-03
1.655310621242485070e+01 2.413200555118561689e-03 2.613397500103815940e-03 5.026598055222377195e-03
1.659318637274548891e+01 2.440743929001142499e-03 2.809534193076709818e-03 5.250278122077851883e-03
1.663326653306613068e+01 2.491093445790987671e-03 3.029951750615001056e-03 5.521045196405989161e-03
1.667334669338677244e+01 2.564976786973320339e-03 3.254445924572407257e-03 5.819422711545728030e-03
1.671342685370741421e+01 2.660572589441064905e-03 3.464155349523094073e-03 6.124727938964158978e-03
1.675350701402805598e+01 2.773648271058584084e-03 3.643085621484086749e-03 6.416733892542670833e-03
1.679358717434869774e+01 2.897969737685978080e-03 3.779041466751675848e-03 6.677011204437654363e-03
1.683366733466933951e+01 3.025946647244682607e-03 3.864167234368524103e-03 6.890113881613206710e-03
1.687374749498997772e+01 3.149446593970120674e-03 3.895308817763824209e-03 7.044755411733945316e-03
1.691382765531061949e+01 3.260687917658248395e-03 3.874291448167604349e-03 7.134979365825852744e-03
1.695390781563126126e+01 3.353108235907828905e-03 3.808029813273667696e-03 7.161138049181496601e-03
1.699398797595190302e+01 3.422106876529675944e-03 3.708248219130599876e-03 7.130355095660276254e-03
1.703406813627254479e+01 3.465574248821523626e-03 3.590570052941457601e-03 7.056144301762981227e-03
1.707414829659318656e+01 3.484147339633118009e-03 3.472864552342449975e-03 6.957011891975567984e-03
1.711422845691382832e+01 3.481163548337161059e-03 3.372974198496686039e-03 6.854137746833847099e-03
1.715430861723446654e+01 3.462319841154591453e-03 3.306195316930413824e-03 6.768515158085005277e-03
1.719438877755510831e+01 3.435076060215969378e-03 3.283041565778589341e-03 6.718117625994559153e-03
1.723446893787575007e+01 3.407866883309927653e-03 3.307810427243630669e-03 6.715677310553558321e-03
1.727454909819639184e+01 3.389204746150779879e-03 3.378286387035131250e-03 6.767491133185910696e-03
1.731462925851703361e+01 3.386765663329672355e-03 3.486611344265637836e-03 6.873377007595309757e-03
1.735470941883767537e+01 3.406551602471129692e-03 3.621040187028430786e-03 7.027591789499560912e-03
1.739478957915831714e+01 3.452217159059312642e-03 3.768088793579847402e-03 7.220305952639160044e-03
1.743486973947895891e+01 3.524634748505307228e-03 3.914543896643003264e-03 7.439178645148310925e-03
1.747494989979959712e+01 3.621751328199271456e-03 4.048941969524966732e-03 7.670693297724238621e-03
1.751503006012023889e+01 3.738761301629874891e-03 4.162372449272097943e-03 7.901133750901973701e-03
1.755511022044088065e+01 3.868586503658664501e-03 4.248714379923996566e-03 8.117300883582661067e-03
1.759519038076152242e+01 4.002618398244049171e-03 4.304574186556400783e-03 8.307192584800449087e-03
1.763527054108216419e+01 4.131644596156077050e-03 4.329200342672465986e-03 8.460844938828543035e-03
1.767535070140280595e+01 4.246856795861279898e-03 4.324519752493141342e-03 8.571376548354421240e-03
1.771543086172344772e+01 4.340824796968106164e-03 4.295242685668717447e-03 8.636067482636823611e-03
1.775551102204408593e+01 4.408323888672203116e-03 4.248818327068476161e-03 8.657142215740678409e-03
1.779559118236472770e+01 4.446920501291079866e-03 4.194976024886123978e-03 8.641896526177203844e-03
1.783567134268536947e+01 4.457250624765925033e-03 4.144689750321279079e-03 8.601940375087203244e-03
1.787575150300601123e+01 4.442962277074968824e-03 4.108619040526218652e-03 8.551581317601187476e-03
1.791583166332665300e+01 4.410331665409595453e-03 4.095319380942208376e-03 8.505651046351803829e-03
1.795591182364729477e+01 4.367597616310933684e-03 4.109673508699568899e-03 8.477271125010503450e-03
1.799599198396793653e+01 4.324086827298455858e-03 4.151996748762214369e-03 8.476083576060670227e-03
1.803607214428857475e+01 4.289221722823974466e-03 4.218101052929361557e-03 8.507322775753336022e-03
1.807615230460921651e+01 4.271512783741420599e-03 4.300320392729324592e-03 8.571833176470745191e-03
1.811623246492985828e+01 4.277638459109842431e-03 4.389208555450399563e-03 8.666847014560241994e-03
1.815631262525050005e+01 4.311708502258493510e-03 4.475428542883683365e-03 8.787137045142176875e-03
1.819639278557114181e+01 4.374790910821134589e-03 4.551330904825065700e-03 8.926121815646200289e-03
1.823647294589178358e+01 4.464758717593176815e-03 4.611869381871826039e-03 9.076628099465001986e-03
1.827655310621242535e+01 4.576481443183085147e-03 4.654761420895059572e-03 9.231242864078144719e-03
1.831663326653306711e+01 4.702349173125840685e-03 4.680063318108686893e-03 9.382412491234528445e-03
1.835671342685370533e+01 4.833078709243974515e-03 4.689492893881794071e-03 9.522571603125768586e-03
1.839679358717434710e+01 4.958716183776521076e-03 4.685839352871401173e-03 9.644555536647923116e-03
1.843687374749498886e+01 5.069724464296359451e-03 4.672660234226762473e-03 9.742384698523121056e-03
1.847695390781563063e+01 5.158031276677458275e-03 4.654250612093249750e-03 9.812281888770708893e-03
1.851703406813627240e+01 5.217917737779484075e-03 4.635681649926399160e-03 9.853599387705882368e-03
1.855711422845691416e+01 5.246646525381764778e-03 4.622632113406731705e-03 9.869278638788496483e-03
1.859719438877755593e+01 5.244760980953384714e-03 4.620813531595495578e-03 9.865574512548880293e-03
1.863727454909819414e+01 5.216025797304602550e-03 4.634985660298939977e-03 9.851011457603541660e-03
1.867735470941883591e+01 5.167020667924161759e-03 4.667787508754422769e-03 9.834808176678585395e-03
1.871743486973947768e+01 5.106435120097063685e-03 4.718766527274256481e-03 9.825201647371320166e-03
1.875751503006011944e+01 5.044142068007585397e-03 4.783997916973998371e-03 9.828139984981583768e-03
1.879759519038076121e+01 4.990147598168221017e-03 4.856531645672915176e-03 9.846679243841135326e-03
1.883767535070140298e+01 4.953524784698048675e-03 4.927639869322039852e-03 9.881164654020089394e-03
1.887775551102204474e+01 4.941440285698909911e-03 4.988563170249495603e-03 9.930003455948405514e-03
1.891783567134268296e+01 4.958374484556765140e-03 5.032277885789395756e-03 9.990652370346160896e-03
1.895791583166332472e+01 5.005619158595508468e-03 5.054798539797855823e-03 1.006041769839336429e-02
1.899799599198396649e+01 5.081111252551363637e-03 5.055692273950757563e-03 1.013680352650212120e-02
1.903807615230460826e+01 5.179628163729799173e-03 5.037751832232325623e-03 1.021737999596212393e-02
1.907815631262525002e+01 5.293331259699060945e-03 5.006044633886182552e-03 1.029937589358524350e-02
1.911823647294589179e+01 5.412604121499763922e-03 4.966724443740863984e-03 1.037932856524062877e-02
1.915831663326653356e+01 5.527095606254383599e-03 4.925999823226815191e-03 1.045309542948119966e-02
1.919839679358717532e+01 5.626851023196507637e-03 4.889508082998902765e-03 1.051635910619540953e-02
1.923847695390781354e+01 5.703402298681374549e-03 4.862115768013218313e-03 1.056551806669459373e-02
1.927855711422845530e+01 5.750692456216142945e-03 4.847959637050301175e-03 1.059865209326644325e-02
1.931863727454909707e+01 5.765730501371285795e-03 4.850446421309448711e-03 1.061617692268073537e-02
1.935871743486973884e+01 5.748906374300275478e-03 4.871985340778399974e-03 1.062089171507867545e-02
1.939879759519038060e+01 5.703936474526717995e-03 4.913406641153444075e-03 1.061734311568016120e-02
1.943887775551102237e+01 5.637452205154524706e-03 4.973238848497419512e-03 1.061069105365194422e-02
1.947895791583166414e+01 5.558281637506201460e-03 5.047174061209967408e-03 1.060545569871616800e-02
1.951903807615230235e+01 5.476504096311730387e-03 5.128066696465733744e-03 1.060457079277746413e-02
1.955911823647294412e+01 5.402377492344386488e-03 5.206668444800002619e-03 1.060904593714438911e-02
1.959919839679358589e+01 5.345248368238689901e-03 5.273050989335177630e-03 1.061829935757386753e-02
1.963927855711422765e+01 5.312555355561763247e-03 5.318406870882952039e-03 1.063096222644471442e-02
1.967935871743486942e+01 5.309028517773296818e-03 5.336753878654516836e-03 1.064578239642781365e-02
1.971943887775551119e+01 5.336170009857941175e-03 5.326069117378221841e-03 1.066223912723616302e-02
1.975951903807615295e+01 5.392075734433446864e-03 5.288549401652097894e-03 1.068062513608554476e-02
1.979959919839679117e+01 5.471624021780407791e-03 5.229971182018923297e-03 1.070159520379933109e-02
1.983967935871743293e+01 5.567018059690078367e-03 5.158400336367864603e-03 1.072541839605794384e-02
1.987975951903807470e+01 5.668627901655942485e-03 5.082675481989212471e-03 1.075130338364515409e-02
1.991983967935871647e+01 5.766040902584500250e-03 5.011096949828851461e-03 1.077713785241335084e-02
1.995991983967935823e+01 5.849202298030043747e-03 4.950603757921319924e-03 1.079980605595136367e-02
2.000000000000000000e+01 5.909515246755515927e-03 4.906483140298306504e-03 1.081599838705382330e-02
