# # time expt_val_site1 expt_val_site2 expt_tot # initial_state: |1,1,0,0>  # params: hop_enr k = 1  #         col_replu U = 8  #         ferm_bos_cop g = 5   #         intr_str  wr = 8resonator (each) 
0.000000000000000000e+00 0.000000000000000000e+00 0.000000000000000000e+00 0.000000000000000000e+00
4.008016032064128098e-02 0.000000000000000000e+00 1.592703223011402158e-01 1.592703223011402158e-01
8.016032064128256196e-02 1.280642540694037796e-04 6.199774299645062214e-01 6.201054942185756369e-01
1.202404809619238429e-01 1.111789041841826408e-03 1.331826023123618752e+00 1.332937812165460478e+00
1.603206412825651239e-01 4.228339249947542060e-03 2.215112653068119997e+00 2.219340992318067585e+00
2.004008016032063910e-01 1.100541817300931119e-02 3.153478982575682821e+00 3.164484400748692305e+00
2.404809619238476859e-01 2.279181623709843410e-02 3.979785549142609291e+00 4.002577365379707430e+00
2.805611222444889807e-01 4.017030571341952822e-02 4.521418942750323744e+00 4.561589248463743473e+00
3.206412825651302478e-01 6.238554168075981232e-02 4.690828956364265778e+00 4.753214498045025493e+00
3.607214428857715149e-01 8.719288182686621425e-02 4.508650622874479375e+00 4.595843504701345950e+00
4.008016032064127820e-01 1.113720872309357651e-01 4.058626041456291134e+00 4.169998128687226746e+00
4.408817635270541047e-01 1.316492602532001455e-01 3.438394973908565522e+00 3.570044234161765750e+00
4.809619238476953718e-01 1.455309661754573824e-01 2.746721111837383322e+00 2.892252078012840677e+00
5.210420841683366389e-01 1.517853269542910333e-01 2.071833423785779171e+00 2.223618750740070205e+00
5.611222444889779615e-01 1.506050944342283426e-01 1.484452732071538605e+00 1.635057826505766920e+00
6.012024048096191731e-01 1.435649632297829326e-01 1.049096909778761466e+00 1.192661873008544315e+00
6.412825651302604957e-01 1.334148304814637420e-01 8.049461567009386087e-01 9.383609871824023507e-01
6.813627254509018183e-01 1.237112724971536210e-01 7.561331823994013046e-01 8.798444548965549394e-01
7.214428857715430299e-01 1.183430201712608182e-01 8.842084079751414416e-01 1.002551428146402301e+00
7.615230460921843525e-01 1.209981122457948061e-01 1.155792842329107506e+00 1.276790954574902326e+00
8.016032064128255641e-01 1.345548543910368433e-01 1.529149298190752626e+00 1.663704152581789497e+00
8.416833667334668867e-01 1.604905918708345591e-01 1.955197080305590251e+00 2.115687672176424616e+00
8.817635270541082093e-01 1.985659410985615436e-01 2.372129742644737860e+00 2.570695683743299487e+00
9.218436873747494209e-01 2.468886881828018798e-01 2.725913640930876181e+00 2.972802329113678255e+00
9.619238476953907435e-01 3.022054300981624197e-01 2.998663942774629554e+00 3.300869372872791807e+00
1.002004008016031955e+00 3.603009451793910967e-01 3.179069918815066842e+00 3.539370863994458105e+00
1.042084168336673278e+00 4.164281337432080843e-01 3.230742378209475518e+00 3.647170511952683825e+00
1.082164328657314600e+00 4.656411932522137587e-01 3.121773210611638039e+00 3.587414403863851575e+00
1.122244488977955923e+00 5.031409941646066697e-01 2.879523924008556168e+00 3.382664918173162949e+00
1.162324649298597246e+00 5.249190425686333095e-01 2.583433991780006878e+00 3.108353034348640076e+00
1.202404809619238346e+00 5.286345640023033532e-01 2.293642361135108221e+00 2.822276925137411574e+00
1.242484969939879669e+00 5.143388303604098377e-01 2.034105694307509093e+00 2.548444524667918820e+00
1.282565130260520991e+00 4.847721174549526890e-01 1.811469233101300036e+00 2.296241350556252669e+00
1.322645290581162314e+00 4.450559799527393223e-01 1.623906177577115306e+00 2.068962157529854462e+00
1.362725450901803637e+00 4.017610888921427925e-01 1.482065459042631206e+00 1.883826547934773998e+00
1.402805611222444737e+00 3.617066728701488487e-01 1.410148897272248458e+00 1.771855570142397251e+00
1.442885771543086060e+00 3.310608098578040059e-01 1.429972730669915482e+00 1.761033540527719543e+00
1.482965931863727382e+00 3.150073520427257856e-01 1.547413781681856726e+00 1.862421133724582401e+00
1.523046092184368705e+00 3.176129265505423516e-01 1.731353769289894151e+00 2.048966695840436447e+00
1.563126252505010028e+00 3.413841260816652956e-01 1.918904497442910140e+00 2.260288623524575602e+00
1.603206412825651128e+00 3.864832515191237161e-01 2.062621862294561126e+00 2.449105113813685008e+00
1.643286573146292451e+00 4.500164928958986232e-01 2.149590551021572704e+00 2.599607043917471216e+00
1.683366733466933773e+00 5.259093801871375096e-01 2.185067329938531699e+00 2.710976710125668987e+00
1.723446893787575096e+00 6.056333968018616787e-01 2.191736332943635457e+00 2.797369729745497136e+00
1.763527054108216419e+00 6.796562606000323692e-01 2.203967894618033885e+00 2.883624155218066143e+00
1.803607214428857741e+00 7.391865114901180478e-01 2.244861543632744816e+00 2.984048055122862753e+00
1.843687374749498842e+00 7.776319267560888315e-01 2.298601948861754618e+00 3.076233875617843339e+00
1.883767535070140164e+00 7.914279742850464094e-01 2.334227806637098723e+00 3.125655780922145244e+00
1.923847695390781487e+00 7.802690420044903208e-01 2.346527467509198495e+00 3.126796509513688704e+00
1.963927855711422810e+00 7.468280257234150010e-01 2.328441327004027173e+00 3.075269352727442396e+00
2.004008016032063910e+00 6.960721150290849479e-01 2.262195890455031222e+00 2.958268005484116170e+00
2.044088176352705233e+00 6.343581154963577884e-01 2.146598584378192953e+00 2.780956699874550964e+00
2.084168336673346555e+00 5.685243334853418151e-01 2.001015849888146292e+00 2.569540183373487885e+00
2.124248496993987878e+00 5.053842488503674790e-01 1.849046449452882657e+00 2.354430698303250136e+00
2.164328657314629201e+00 4.516318809093293751e-01 1.699667659806507247e+00 2.151299540715836400e+00
2.204408817635270523e+00 4.135445219769748881e-01 1.546032402940345829e+00 1.959576924917320717e+00
2.244488977955911846e+00 3.962724855203941798e-01 1.399657210565090404e+00 1.795929696085484473e+00
2.284569138276553169e+00 4.031466893632480453e-01 1.304725185074587124e+00 1.707871874437835169e+00
2.324649298597194491e+00 4.352788427510722591e-01 1.297367867560305310e+00 1.732646710311377625e+00
2.364729458917835370e+00 4.912852425404974355e-01 1.384107314561350055e+00 1.875392557101847490e+00
2.404809619238476692e+00 5.669891838345539892e-01 1.554835045648449654e+00 2.121824229483003421e+00
2.444889779559118015e+00 6.553570362554876905e-01 1.793066641358359803e+00 2.448423677613847715e+00
2.484969939879759337e+00 7.470060170436951807e-01 2.066946667394784054e+00 2.813952684438479235e+00
2.525050100200400660e+00 8.313948547839259406e-01 2.326338975662322284e+00 3.157733830446248113e+00
2.565130260521041983e+00 8.986281212315145872e-01 2.526527996004865884e+00 3.425156117236380471e+00
2.605210420841683305e+00 9.413842317975342766e-01 2.624916663526923877e+00 3.566300895324458153e+00
2.645290581162324628e+00 9.561345160028793533e-01 2.584200806909562775e+00 3.540335322912442351e+00
2.685370741482965951e+00 9.432189312721205310e-01 2.409095246286494074e+00 3.352314177558614716e+00
2.725450901803607273e+00 9.060159084962878806e-01 2.144429338115219963e+00 3.050445246611507955e+00
2.765531062124248596e+00 8.499567520288086042e-01 1.846647203073518817e+00 2.696603955102327532e+00
2.805611222444889474e+00 7.820604329954314871e-01 1.563570094297361601e+00 2.345630527292793310e+00
2.845691382765530797e+00 7.106780942148008817e-01 1.322749073462910818e+00 2.033427167677711811e+00
2.885771543086172120e+00 6.449612571234553116e-01 1.139576033455832915e+00 1.784537290579288227e+00
2.925851703406813442e+00 5.942361864378795655e-01 1.036233308192071600e+00 1.630469494629951166e+00
2.965931863727454765e+00 5.672319091783403211e-01 1.032280915926590215e+00 1.599512825104930425e+00
3.006012024048096087e+00 5.708488619022266120e-01 1.129013935665828861e+00 1.699862797568055583e+00
3.046092184368737410e+00 6.086235583870385213e-01 1.314853837701107642e+00 1.923477396088146163e+00
3.086172344689378733e+00 6.793168864125213036e-01 1.566102213960275824e+00 2.245419100372797239e+00
3.126252505010020055e+00 7.762842632369998386e-01 1.840440284205737909e+00 2.616724547442737858e+00
3.166332665330661378e+00 8.883473522009215362e-01 2.082582293925415051e+00 2.970929646126336365e+00
3.206412825651302256e+00 1.002163930186869223e+00 2.255607818950782661e+00 3.257771749137651884e+00
3.246492985971943579e+00 1.105136545955310634e+00 2.342640820058347284e+00 3.447777366013657918e+00
3.286573146292584902e+00 1.187496669172361408e+00 2.321056809116746500e+00 3.508553478289107908e+00
3.326653306613226224e+00 1.242948379868341613e+00 2.182302035464515289e+00 3.425250415332857123e+00
3.366733466933867547e+00 1.268435564568901830e+00 1.950077614773606083e+00 3.218513179342507691e+00
3.406813627254508869e+00 1.264010226987435370e+00 1.667621640937569261e+00 2.931631867925004631e+00
3.446893787575150192e+00 1.233285660515129223e+00 1.381490550519715921e+00 2.614776211034845144e+00
3.486973947895791515e+00 1.183297871550799130e+00 1.129189021216698396e+00 2.312486892767497526e+00
3.527054108216432837e+00 1.122692807164616280e+00 9.376278285177792604e-01 2.060320635682395540e+00
3.567134268537074160e+00 1.060001781364046991e+00 8.323077968927101722e-01 1.892309578256757163e+00
3.607214428857715482e+00 1.003276011493296593e+00 8.328756139194596342e-01 1.836151625412756339e+00
3.647294589178356361e+00 9.594979291403603616e-01 9.414920788359365522e-01 1.900990007976296914e+00
3.687374749498997684e+00 9.332826865494275870e-01 1.144558411611661830e+00 2.077841098161089306e+00
3.727454909819639006e+00 9.263897853910133540e-01 1.416230207497085614e+00 2.342619992888098857e+00
3.767535070140280329e+00 9.385808972726428223e-01 1.713995622073567926e+00 2.652576519346210748e+00
3.807615230460921651e+00 9.688707900510680204e-01 1.975313305319519097e+00 2.944184095370586896e+00
3.847695390781562974e+00 1.015718501481849056e+00 2.142576157564376249e+00 3.158294659046225306e+00
3.887775551102204297e+00 1.075832823418936712e+00 2.187655021463848382e+00 3.263487844882785094e+00
3.927855711422845619e+00 1.143027016065801149e+00 2.099470738681118220e+00 3.242497754746919369e+00
3.967935871743486942e+00 1.208678178201242126e+00 1.889244213150291785e+00 3.097922391351533911e+00
4.008016032064127820e+00 1.264014253069504656e+00 1.605796288953014406e+00 2.869810542022519062e+00
4.048096192384769587e+00 1.302721398041065237e+00 1.311261902293729298e+00 2.613983300334794535e+00
4.088176352705410466e+00 1.322250179288711580e+00 1.057774649684061652e+00 2.380024828972773232e+00
4.128256513026052232e+00 1.323628100379335315e+00 8.805903660208064254e-01 2.204218466400141629e+00
4.168336673346693111e+00 1.310254857045317634e+00 7.970329022501132510e-01 2.107287759295430885e+00
4.208416833667334878e+00 1.286761694713306259e+00 8.103672564078617802e-01 2.097128951121168150e+00
4.248496993987975756e+00 1.258336173485228970e+00 9.162139613681745676e-01 2.174550134853403538e+00
4.288577154308616635e+00 1.229398289041345071e+00 1.101329569141644482e+00 2.330727858182989554e+00
4.328657314629258401e+00 1.202362957289950129e+00 1.339422594702147640e+00 2.541785551992097769e+00
4.368737474949899280e+00 1.178046530245924650e+00 1.589253489048785717e+00 2.767300019294710367e+00
4.408817635270541047e+00 1.156440078416317574e+00 1.798063456403220295e+00 2.954503534819537869e+00
4.448897795591181925e+00 1.136998961298616662e+00 1.913945367787016405e+00 3.050944329085632845e+00
4.488977955911823692e+00 1.119325146826233297e+00 1.910227480434104175e+00 3.029552627260337694e+00
4.529058116232464570e+00 1.103722080865095823e+00 1.808624549349570731e+00 2.912346630214666554e+00
4.569138276553106337e+00 1.091086131492929434e+00 1.651274527588578733e+00 2.742360659081508167e+00
4.609218436873747216e+00 1.082698171927376496e+00 1.467427444981068474e+00 2.550125616908444748e+00
4.649298597194388982e+00 1.079619524050335233e+00 1.284216144890798050e+00 2.363835668941133505e+00
4.689378757515029861e+00 1.081114460192396098e+00 1.132991572451311324e+00 2.214106032643707422e+00
4.729458917835670739e+00 1.083328344780544183e+00 1.041638027975837710e+00 2.124966372756381894e+00
4.769539078156312506e+00 1.080458892699215578e+00 1.029044851549676620e+00 2.109503744248891977e+00
4.809619238476953385e+00 1.068145527618576729e+00 1.099407602600628753e+00 2.167553130219205482e+00
4.849699398797595151e+00 1.046255180663037576e+00 1.240376940056135302e+00 2.286632120719172878e+00
4.889779559118236030e+00 1.019531917505220431e+00 1.429076138700430487e+00 2.448608056205650918e+00
4.929859719438877796e+00 9.959333402067920282e-01 1.636053768574663003e+00 2.631987108781455031e+00
4.969939879759518675e+00 9.830918354350492994e-01 1.827667739466873220e+00 2.810759574901922520e+00
5.010020040080160442e+00 9.851877496847664117e-01 1.973673826803601594e+00 2.958861576488367895e+00
5.050100200400801320e+00 1.001839096460790612e+00 2.054007330243207363e+00 3.055846426703998198e+00
5.090180360721443087e+00 1.028635737261101690e+00 2.059145666449571532e+00 3.087781403710673445e+00
5.130260521042083965e+00 1.059288474949731995e+00 1.983584558095008887e+00 3.042873033044740883e+00
5.170340681362724844e+00 1.088366109703286622e+00 1.836254146382906960e+00 2.924620256086193582e+00
5.210420841683366611e+00 1.112552122404077304e+00 1.639570188022845709e+00 2.752122310426923235e+00
5.250501002004007489e+00 1.130438822091022644e+00 1.414968436027207233e+00 2.545407258118229876e+00
5.290581162324649256e+00 1.141467941971498146e+00 1.191763702361859689e+00 2.333231644333357835e+00
5.330661322645290134e+00 1.144214748360824707e+00 1.010596208807989838e+00 2.154810957168814767e+00
5.370741482965931901e+00 1.135910021974015027e+00 9.058587253928370719e-01 2.041768747366852210e+00
5.410821643286572780e+00 1.114468376901997182e+00 8.950540312324224423e-01 2.009522408134419624e+00
5.450901803607214546e+00 1.080767323118950074e+00 9.806670082849027192e-01 2.061434331403853015e+00
5.490981963927855425e+00 1.038451194593249749e+00 1.155588785050410072e+00 2.194039979643659599e+00
5.531062124248497192e+00 9.922437486534771978e-01 1.401959486977329306e+00 2.394203235630806503e+00
5.571142284569138070e+00 9.475213937432596101e-01 1.692756553360221794e+00 2.640277947103481182e+00
5.611222444889778949e+00 9.107670776910833377e-01 1.995611989349972859e+00 2.906379067041056086e+00
5.651302605210420715e+00 8.888903478074222653e-01 2.269318512331080395e+00 3.158208860138502772e+00
5.691382765531061594e+00 8.874992962249974582e-01 2.457926296527889853e+00 3.345425592752887312e+00
5.731462925851703361e+00 9.091541657050639103e-01 2.503326048128459380e+00 3.412480213833523290e+00
5.771543086172344239e+00 9.525005352054656260e-01 2.374288263112681818e+00 3.326788798318147222e+00
5.811623246492986006e+00 1.012321006877707763e+00 2.093676129843140998e+00 3.105997136720848761e+00
5.851703406813626884e+00 1.079362892848105604e+00 1.733905485905068433e+00 2.813268378753174037e+00
5.891783567134268651e+00 1.141302844913724135e+00 1.367777900295048754e+00 2.509080745208772889e+00
5.931863727454909530e+00 1.186738463385065945e+00 1.046772426090703423e+00 2.233510889475769368e+00
5.971943887775551296e+00 1.209035462027238994e+00 8.072179826853986828e-01 2.016253444712637677e+00
6.012024048096192175e+00 1.206779640363353723e+00 6.732636742682620579e-01 1.880043314631615781e+00
6.052104208416833053e+00 1.182136489146973668e+00 6.568166732036440081e-01 1.838953162350617676e+00
6.092184368737474820e+00 1.138806127084556419e+00 7.572092793265802202e-01 1.896015406411136528e+00
6.132264529058115698e+00 1.080377502882680307e+00 9.609143012550893648e-01 2.041291804137769894e+00
6.172344689378757465e+00 1.010528338253791514e+00 1.237426513423971031e+00 2.247954851677762544e+00
6.212424849699398344e+00 9.349689609524807210e-01 1.540922751137091318e+00 2.475891712089572039e+00
6.252505010020040110e+00 8.621352266332436010e-01 1.826082869641506123e+00 2.688218096274749946e+00
6.292585170340680989e+00 8.008060197989493867e-01 2.056299744874333424e+00 2.857105764673282700e+00
6.332665330661322756e+00 7.572579405545821762e-01 2.199798420738200644e+00 2.957056361292782931e+00
6.372745490981963634e+00 7.347312505575144259e-01 2.240156047675923023e+00 2.974887298233437338e+00
6.412825651302604513e+00 7.342472935960860925e-01 2.186721610044358055e+00 2.920968903640444037e+00
6.452905811623246279e+00 7.551324148689957383e-01 2.063845830474735354e+00 2.818978245343731093e+00
6.492985971943887158e+00 7.952100195471381028e-01 1.902557473887145578e+00 2.697767493434283459e+00
6.533066132264528925e+00 8.511540779145421176e-01 1.730832315560552725e+00 2.581986393475094843e+00
6.573146292585169803e+00 9.187616234688110728e-01 1.569992824901068396e+00 2.488754448369879579e+00
6.613226452905811570e+00 9.919806670250383984e-01 1.439342292352685515e+00 2.431322959377723691e+00
6.653306613226452448e+00 1.061577198949126055e+00 1.343142704138588828e+00 2.404719903087714883e+00
6.693386773547094215e+00 1.116287201531421358e+00 1.271842309582345676e+00 2.388129511113767034e+00
6.733466933867735094e+00 1.146263796983336025e+00 1.215740567854085796e+00 2.362004364837421821e+00
6.773547094188376860e+00 1.146090394700631343e+00 1.175205548013192214e+00 2.321295942713823557e+00
6.813627254509017739e+00 1.116248116031958615e+00 1.160395445344886145e+00 2.276643561376844538e+00
6.853707414829658617e+00 1.062656967757330984e+00 1.179001550284571875e+00 2.241658518041902859e+00
6.893787575150300384e+00 9.934553064483998552e-01 1.235212306963649365e+00 2.228667613412049331e+00
6.933867735470941263e+00 9.148042744220185041e-01 1.335729500597334862e+00 2.250533775019353477e+00
6.973947895791583029e+00 8.300486644285071103e-01 1.480829965358259281e+00 2.310878629786766503e+00
7.014028056112223908e+00 7.429002225897874956e-01 1.652080451004927619e+00 2.394980673594715004e+00
7.054108216432865675e+00 6.602260862371469585e-01 1.818082910360572013e+00 2.478308996597719194e+00
7.094188376753506553e+00 5.916547108798347887e-01 1.947857688988190450e+00 2.539512399868025128e+00
7.134268537074148320e+00 5.473880138450089028e-01 2.032290674146497889e+00 2.579678687991506791e+00
7.174348697394789198e+00 5.358067258362888552e-01 2.090017094005732989e+00 2.625823819842021845e+00
7.214428857715430965e+00 5.611779462951561603e-01 2.134336181441669922e+00 2.695514127736826193e+00
7.254509018036071843e+00 6.218972565626555982e-01 2.153637340797569522e+00 2.775534597360225231e+00
7.294589178356712722e+00 7.103681787960851590e-01 2.119079369839215854e+00 2.829447548635300791e+00
7.334669338677354489e+00 8.151835612578072210e-01 2.018336379335811337e+00 2.833519940593618447e+00
7.374749498997995367e+00 9.241247655605318023e-01 1.874721869645381789e+00 2.798846635205913813e+00
7.414829659318637134e+00 1.025576689396538566e+00 1.723818065166362823e+00 2.749394754562901610e+00
7.454909819639278012e+00 1.108334530530381778e+00 1.594040615370023284e+00 2.702375145900405062e+00
7.494989979959919779e+00 1.161823457537382920e+00 1.498845821095947883e+00 2.660669278633331025e+00
7.535070140280560658e+00 1.177606979971667744e+00 1.435402163373235895e+00 2.613009143344903862e+00
7.575150300601202424e+00 1.151844529335585232e+00 1.390083939554308756e+00 2.541928468889893988e+00
7.615230460921843303e+00 1.088050479904662193e+00 1.348939890771360117e+00 2.436990370676022089e+00
7.655310621242485070e+00 9.974921037745857477e-01 1.304173802064840126e+00 2.301665905839425985e+00
7.695390781563125948e+00 8.950383254270831701e-01 1.265767713998510624e+00 2.160806039425593905e+00
7.735470941883766827e+00 7.938674939208546499e-01 1.261597184746626965e+00 2.055464678667481504e+00
7.775551102204408593e+00 7.037632442253011211e-01 1.318666217693479581e+00 2.022429461918780813e+00
7.815631262525049472e+00 6.321554758102514437e-01 1.448283643180849234e+00 2.080439118991100678e+00
7.855711422845691239e+00 5.847704189854420198e-01 1.640094524843084045e+00 2.224864943828526176e+00
7.895791583166332117e+00 5.655061747684673179e-01 1.871900918220642973e+00 2.437407092989110069e+00
7.935871743486973884e+00 5.763986325771106589e-01 2.117259270958046891e+00 2.693657903535157772e+00
7.975951903807614762e+00 6.173656078971344607e-01 2.334652627371889722e+00 2.952018235269024071e+00
8.016032064128255641e+00 6.849314130156159974e-01 2.472248955957712546e+00 3.157180368973328655e+00
8.056112224448897408e+00 7.709310676465876977e-01 2.484908719412558309e+00 3.255839787059145785e+00
8.096192384769539174e+00 8.637271145912702730e-01 2.363236219945408223e+00 3.226963334536678385e+00
8.136272545090179165e+00 9.519700706685475522e-01 2.138663431144631755e+00 3.090633501813179418e+00
8.176352705410820931e+00 1.027453009340991263e+00 1.851656091518328884e+00 2.879109100859320147e+00
8.216432865731462698e+00 1.085028403969503952e+00 1.537118492507765666e+00 2.622146896477269618e+00
8.256513026052104465e+00 1.121271885343424257e+00 1.234015216340725862e+00 2.355287101684150119e+00
8.296593186372744455e+00 1.133522036328461935e+00 9.872726216066253224e-01 2.120794657935087368e+00
8.336673346693386222e+00 1.119474563416147594e+00 8.317291953615668643e-01 1.951203758777714459e+00
8.376753507014027988e+00 1.078558102173698297e+00 7.873963492667243047e-01 1.865954451440422712e+00
8.416833667334669755e+00 1.015087078105194607e+00 8.597436114482156500e-01 1.874830689553410146e+00
8.456913827655309746e+00 9.390305209198879233e-01 1.042913686488881497e+00 1.981944207408769421e+00
8.496993987975951512e+00 8.621713100949218722e-01 1.319759195160766785e+00 2.181930505255688768e+00
8.537074148296593279e+00 7.936255272333914146e-01 1.653728931667238333e+00 2.447354458900629748e+00
8.577154308617233269e+00 7.384274229235205933e-01 1.980811774005770021e+00 2.719239196929290614e+00
8.617234468937875036e+00 6.985497708634175185e-01 2.216163227484887255e+00 2.914712998348304662e+00
8.657314629258516803e+00 6.748926546831900408e-01 2.300912908448437211e+00 2.975805563131627363e+00
8.697394789579158569e+00 6.697061216796745819e-01 2.235730825065344263e+00 2.905436946745018734e+00
8.737474949899798560e+00 6.881405909045995584e-01 2.065071519179413340e+00 2.753212110084013009e+00
8.777555110220440326e+00 7.364486078874861175e-01 1.847592505941726193e+00 2.584041113829212311e+00
8.817635270541082093e+00 8.169103823525726282e-01 1.628179132524764983e+00 2.445089514877337500e+00
8.857715430861723860e+00 9.240742977835660898e-01 1.434279834774234041e+00 2.358354132557800131e+00
8.897795591182363850e+00 1.045523059149316092e+00 1.284674538188446347e+00 2.330197597337762438e+00
8.937875751503005617e+00 1.165366855482913522e+00 1.188404192291803385e+00 2.353771047774716685e+00
8.977955911823647384e+00 1.268031827393696798e+00 1.139764646593669717e+00 2.407796473987366515e+00
9.018036072144287374e+00 1.341659802766268506e+00 1.128952522254927260e+00 2.470612325021195765e+00
9.058116232464929141e+00 1.380101597692244608e+00 1.159129807584094563e+00 2.539231405276339171e+00
9.098196392785570907e+00 1.381778598497030108e+00 1.235607111676064074e+00 2.617385710173094182e+00
9.138276553106212674e+00 1.346863571912868540e+00 1.348294421341733829e+00 2.695157993254602147e+00
9.178356713426852664e+00 1.277672255695788017e+00 1.472021589117146201e+00 2.749693844812933996e+00
9.218436873747494431e+00 1.181942981876318077e+00 1.581968764313303799e+00 2.763911746189621876e+00
9.258517034068136198e+00 1.073021150544196001e+00 1.661900908477262462e+00 2.734922059021458463e+00
9.298597194388777964e+00 9.662430539887073566e-01 1.707898644086238704e+00 2.674141698074945950e+00
9.338677354709417955e+00 8.757274544370250435e-01 1.726847302997218225e+00 2.602574757434243047e+00
9.378757515030059722e+00 8.125662982844628068e-01 1.716551644742206006e+00 2.529117943026668591e+00
9.418837675350701488e+00 7.833156970274688380e-01 1.673217466363006833e+00 2.456533163390475671e+00
9.458917835671341479e+00 7.895310654749149171e-01 1.608464062512329873e+00 2.397995127987244679e+00
9.498997995991983245e+00 8.297103429885892556e-01 1.540563056730240188e+00 2.370273399718829666e+00
9.539078156312625012e+00 9.017373557234743542e-01 1.476890166986600583e+00 2.378627522710075048e+00
9.579158316633266779e+00 1.002119060546616813e+00 1.409890132888566239e+00 2.412009193435182830e+00
9.619238476953906769e+00 1.122905240547199091e+00 1.335020251776257938e+00 2.457925492323457028e+00
9.659318637274548536e+00 1.250219069383675885e+00 1.260205310969107373e+00 2.510424380352783480e+00
9.699398797595190302e+00 1.365940768636880964e+00 1.207028883060115243e+00 2.572969651696996429e+00
9.739478957915832069e+00 1.452043295100069242e+00 1.196876175704489675e+00 2.648919470804559140e+00
9.779559118236472059e+00 1.495827261394668817e+00 1.235962526492230928e+00 2.731789787886899745e+00
9.819639278557113826e+00 1.493815778951897544e+00 1.316283965055461636e+00 2.810099744007358957e+00
9.859719438877755593e+00 1.452045569963544835e+00 1.420001368991650414e+00 2.872046938955195472e+00
9.899799599198395583e+00 1.381534620336057895e+00 1.517150416132359902e+00 2.898685036468418019e+00
9.939879759519037350e+00 1.292988794362869287e+00 1.571127253132795776e+00 2.864116047495665285e+00
9.979959919839679117e+00 1.195621993004834405e+00 1.565954839665403497e+00 2.761576832670237902e+00
1.002004008016032088e+01 1.098065449254113091e+00 1.511744421548983919e+00 2.609809870803097009e+00
1.006012024048096087e+01 1.008397110446000555e+00 1.433651838051399618e+00 2.442048948497400396e+00
1.010020040080160264e+01 9.339564276389419328e-01 1.364064056290323013e+00 2.298020483929264834e+00
1.014028056112224441e+01 8.812116683234875181e-01 1.323443147140030307e+00 2.204654815463517714e+00
1.018036072144288617e+01 8.551339306396092965e-01 1.310750338296663431e+00 2.165884268936272505e+00
1.022044088176352616e+01 8.578816589312150409e-01 1.313121297992924097e+00 2.171002956924139138e+00
1.026052104208416793e+01 8.881440106701045112e-01 1.321235087735516123e+00 2.209379098405620745e+00
1.030060120240480970e+01 9.428201155410391721e-01 1.329168929504012109e+00 2.271989045045051281e+00
1.034068136272544969e+01 1.018611277148821159e+00 1.331220297572517364e+00 2.349831574721338523e+00
1.038076152304609145e+01 1.110770358799573865e+00 1.333252910857671392e+00 2.444023269657245478e+00
1.042084168336673322e+01 1.210845137643209224e+00 1.345682654167515757e+00 2.556527791810724981e+00
1.046092184368737499e+01 1.306148578554374495e+00 1.369979746445280755e+00 2.676128324999655028e+00
1.050100200400801498e+01 1.382149929252059373e+00 1.397685203108954610e+00 2.779835132361013983e+00
1.054108216432865675e+01 1.426797796612584435e+00 1.416548125849567796e+00 2.843345922462152231e+00
1.058116232464929851e+01 1.434234722161746411e+00 1.416658194240643320e+00 2.850892916402389510e+00
1.062124248496994028e+01 1.406972600364675419e+00 1.400758179600578357e+00 2.807730779965253554e+00
1.066132264529058027e+01 1.355107240298653037e+00 1.386271929451965201e+00 2.741379169750618239e+00
1.070140280561122204e+01 1.291164567866610602e+00 1.386948979055450559e+00 2.678113546922061161e+00
1.074148296593186380e+01 1.224468181227650998e+00 1.408535088537252955e+00 2.633003269764904175e+00
1.078156312625250379e+01 1.159651132337772284e+00 1.450203920489796072e+00 2.609855052827568578e+00
1.082164328657314556e+01 1.099118195359448658e+00 1.500647541490203851e+00 2.599765736849652509e+00
1.086172344689378733e+01 1.046587655482979828e+00 1.537460855403161464e+00 2.584048510886141514e+00
1.090180360721442909e+01 1.008609785432032169e+00 1.537264077184431033e+00 2.545873862616462979e+00
1.094188376753506908e+01 9.934740257572469702e-01 1.489750957998101866e+00 2.483224983755349058e+00
1.098196392785571085e+01 1.008567173513917670e+00 1.397229918114573310e+00 2.405797091628491202e+00
1.102204408817635262e+01 1.056574136529749186e+00 1.279715929953194609e+00 2.336290066482943573e+00
1.106212424849699438e+01 1.133058651170680831e+00 1.168458994712578303e+00 2.301517645883259355e+00
1.110220440881763437e+01 1.227634437642341592e+00 1.086884476824326873e+00 2.314518914466668242e+00
1.114228456913827614e+01 1.327177121299894180e+00 1.045658225219447068e+00 2.372835346519341471e+00
1.118236472945891791e+01 1.419453146526090004e+00 1.046207617177572047e+00 2.465660763703661829e+00
1.122244488977955790e+01 1.495185362316516331e+00 1.081380761375024591e+00 2.576566123691541144e+00
1.126252505010019966e+01 1.547394971959185961e+00 1.139013580769842271e+00 2.686408552729028010e+00
1.130260521042084143e+01 1.570799198815693298e+00 1.214334003021211750e+00 2.785133201836905048e+00
1.134268537074148320e+01 1.562450718614095013e+00 1.308835402135469117e+00 2.871286120749564130e+00
1.138276553106212319e+01 1.522929001650650260e+00 1.419084603900417241e+00 2.942013605551067279e+00
1.142284569138276495e+01 1.458344264194853190e+00 1.535594116132928733e+00 2.993938380327781701e+00
1.146292585170340672e+01 1.380379675707286147e+00 1.641503654501451193e+00 3.021883330208737561e+00
1.150300601202404849e+01 1.302356456801138984e+00 1.715225636576092283e+00 3.017582093377231267e+00
1.154308617234468848e+01 1.234385086855824154e+00 1.737748653703974799e+00 2.972133740559798731e+00
1.158316633266533024e+01 1.180974432711533906e+00 1.700490810135304010e+00 2.881465242846838137e+00
1.162324649298597201e+01 1.142572417516325656e+00 1.602750033664747331e+00 2.745322451181072765e+00
1.166332665330661200e+01 1.119039414998300508e+00 1.454499662632180224e+00 2.573539077630480953e+00
1.170340681362725377e+01 1.111480297923684635e+00 1.285081845691557367e+00 2.396562143615241780e+00
1.174348697394789554e+01 1.122469038355955684e+00 1.126114904135684380e+00 2.248583942491640286e+00
1.178356713426853730e+01 1.154864359979179911e+00 9.968514455550765430e-01 2.151715805534256454e+00
1.182364729458917729e+01 1.208926449075998777e+00 9.038683005528188597e-01 2.112794749628817748e+00
1.186372745490981906e+01 1.280099736243033082e+00 8.488300438988520824e-01 2.128929780141885164e+00
1.190380761523046083e+01 1.359066829182637104e+00 8.331716655652640080e-01 2.192238494747901001e+00
1.194388777555110259e+01 1.434667539717347839e+00 8.603698200060768686e-01 2.295037359723424597e+00
1.198396793587174258e+01 1.498316513040429676e+00 9.365949633795892515e-01 2.434911476420019039e+00
1.202404809619238435e+01 1.545520814296676315e+00 1.059975885749689262e+00 2.605496700046365355e+00
1.206412825651302612e+01 1.574496133465800751e+00 1.216052834281210471e+00 2.790548967747011222e+00
1.210420841683366611e+01 1.584933950052423768e+00 1.381730949514553553e+00 2.966664899566977098e+00
1.214428857715430787e+01 1.576628942032070269e+00 1.528185694344654122e+00 3.104814636376724390e+00
1.218436873747494964e+01 1.548518560890730811e+00 1.623541530452623727e+00 3.172060091343354316e+00
1.222444889779559141e+01 1.499928500474100979e+00 1.647048842608598074e+00 3.146977343082698830e+00
1.226452905811623140e+01 1.432949495888883318e+00 1.600162654983527721e+00 3.033112150872411039e+00
1.230460921843687316e+01 1.353013948129584865e+00 1.501491082777465458e+00 2.854505030907050322e+00
1.234468937875751493e+01 1.266600743868611545e+00 1.380629799366948074e+00 2.647230543235559619e+00
1.238476953907815670e+01 1.179834217999978119e+00 1.264622054750107250e+00 2.444456272750085368e+00
1.242484969939879669e+01 1.100304804323889662e+00 1.169812531778301912e+00 2.270117336102191352e+00
1.246492985971943845e+01 1.038048299271665087e+00 1.104783049741249412e+00 2.142831349012914721e+00
1.250501002004008022e+01 1.003696837575065226e+00 1.070742160987098179e+00 2.074438998562163405e+00
1.254509018036072021e+01 1.005848882406695122e+00 1.061801058867273273e+00 2.067649941273968395e+00
1.258517034068136198e+01 1.048445885787718135e+00 1.067830825095708036e+00 2.116276710883425949e+00
1.262525050100200374e+01 1.128640262501921843e+00 1.083717064949129671e+00 2.212357327451051514e+00
1.266533066132264551e+01 1.235492984091556057e+00 1.108678153575155756e+00 2.344171137666712035e+00
1.270541082164328550e+01 1.350763411527604374e+00 1.135684901958342374e+00 2.486448313485946748e+00
1.274549098196392727e+01 1.454175258532375059e+00 1.156725738956364546e+00 2.610900997488739606e+00
1.278557114228456904e+01 1.529971224977024757e+00 1.174313193484931572e+00 2.704284418461956108e+00
1.282565130260520903e+01 1.569293458588337131e+00 1.197924139189840975e+00 2.767217597778178106e+00
1.286573146292585079e+01 1.569734026399466575e+00 1.236388671310428622e+00 2.806122697709895419e+00
1.290581162324649256e+01 1.534558076505667001e+00 1.296995329036207290e+00 2.831553405541874291e+00
1.294589178356713433e+01 1.470113601120279778e+00 1.381244718333588972e+00 2.851358319453868972e+00
1.298597194388777432e+01 1.382509455149086408e+00 1.482072098067985566e+00 2.864581553217071974e+00
1.302605210420841608e+01 1.277824699637865935e+00 1.590923995760079146e+00 2.868748695397945081e+00
1.306613226452905785e+01 1.165204155404075959e+00 1.697526293626415494e+00 2.862730449030491453e+00
1.310621242484969962e+01 1.057399561308135505e+00 1.783343502298545546e+00 2.840743063606681051e+00
1.314629258517033961e+01 9.677512750576848788e-01 1.815874894786611238e+00 2.783626169844295895e+00
1.318637274549098137e+01 9.076472196496575551e-01 1.765693136124892648e+00 2.673340355774550314e+00
1.322645290581162314e+01 8.854048751805438933e-01 1.629715014303786846e+00 2.515119889484330962e+00
1.326653306613226313e+01 9.046923923542465884e-01 1.436134633742195854e+00 2.340827026096442331e+00
1.330661322645290490e+01 9.630353493274141918e-01 1.229765454393984658e+00 2.192800803721398850e+00
1.334669338677354666e+01 1.052122519993405669e+00 1.048870535963360551e+00 2.100993055956766220e+00
1.338677354709418843e+01 1.160130281627042237e+00 9.179427817779378662e-01 2.078073063404980214e+00
1.342685370741482842e+01 1.273954156217603328e+00 8.535549596162078645e-01 2.127509115833811304e+00
1.346693386773547019e+01 1.379175779786576905e+00 8.668649144680898866e-01 2.246040694254666903e+00
1.350701402805611195e+01 1.460573912683572839e+00 9.571506445089266180e-01 2.417724557192499457e+00
1.354709418837675372e+01 1.506032463406958621e+00 1.110707439965492815e+00 2.616739903372451437e+00
1.358717434869739371e+01 1.509785405034261396e+00 1.302768403817865295e+00 2.812553808852126913e+00
1.362725450901803548e+01 1.472066375437293351e+00 1.501228909844791515e+00 2.973295285282084865e+00
1.366733466933867724e+01 1.398276823271110025e+00 1.675641636848771876e+00 3.073918460119881679e+00
1.370741482965931723e+01 1.298329813187389048e+00 1.803877036637008269e+00 3.102206849824397317e+00
1.374749498997995900e+01 1.183893570591613154e+00 1.868952143640984831e+00 3.052845714232597985e+00
1.378757515030060077e+01 1.065608952774265816e+00 1.858702144521727995e+00 2.924311097295993811e+00
1.382765531062124253e+01 9.538154756793310041e-01 1.776175549155818434e+00 2.729991024835149549e+00
1.386773547094188253e+01 8.604048618089414902e-01 1.644117289122023928e+00 2.504522150930965196e+00
1.390781563126252429e+01 7.971618681948248186e-01 1.489903574812516007e+00 2.287065443007340715e+00
1.394789579158316606e+01 7.721094195931594850e-01 1.337763961390171730e+00 2.109873380983331437e+00
1.398797595190380783e+01 7.882351610879660964e-01 1.207611556016741305e+00 1.995846717104707402e+00
1.402805611222444782e+01 8.444298710934672325e-01 1.110623392143152977e+00 1.955053263236620209e+00
1.406813627254508958e+01 9.360620904754766158e-01 1.047356379023757000e+00 1.983418469499233616e+00
1.410821643286573135e+01 1.054624145400964164e+00 1.015581185048208379e+00 2.070205330449172543e+00
1.414829659318637134e+01 1.188450976326312247e+00 1.017687186150500134e+00 2.206138162476812603e+00
1.418837675350701311e+01 1.325526801825011702e+00 1.053047992348066453e+00 2.378574794173077933e+00
1.422845691382765487e+01 1.454812198251879352e+00 1.112590107628106839e+00 2.567402305879986191e+00
1.426853707414829664e+01 1.564246581929410906e+00 1.182561860872544335e+00 2.746808442801955241e+00
1.430861723446893663e+01 1.640407753997227935e+00 1.249999500024929322e+00 2.890407254022157257e+00
1.434869739478957840e+01 1.672337175517423002e+00 1.309542348138210244e+00 2.981879523655633246e+00
1.438877755511022016e+01 1.654990234587077724e+00 1.366519624788286480e+00 3.021509859375364204e+00
1.442885771543086193e+01 1.589951197037527075e+00 1.420877287075986706e+00 3.010828484113513781e+00
1.446893787575150192e+01 1.485368454655477066e+00 1.455780806402591887e+00 2.941149261058068731e+00
1.450901803607214369e+01 1.354500960726747971e+00 1.451151420900617106e+00 2.805652381627365077e+00
1.454909819639278545e+01 1.212004228522655325e+00 1.398575790202975178e+00 2.610580018725630502e+00
1.458917835671342544e+01 1.071949785474900274e+00 1.310875399916191064e+00 2.382825185391091338e+00
1.462925851703406721e+01 9.491209790960570825e-01 1.216719585928245584e+00 2.165840565024302666e+00
1.466933867735470898e+01 8.590087383231904683e-01 1.139738498506109865e+00 1.998747236829300444e+00
1.470941883767535074e+01 8.149204332582040688e-01 1.088343830714292748e+00 1.903264263972496817e+00
1.474949899799599073e+01 8.250973892865191006e-01 1.063859985169537836e+00 1.888957374456056826e+00
1.478957915831663250e+01 8.912711539753775947e-01 1.073439202326838871e+00 1.964710356302216354e+00
1.482965931863727427e+01 1.008033057055374826e+00 1.125045098302538404e+00 2.133078155357913452e+00
1.486973947895791603e+01 1.162079608005954556e+00 1.217977395546936181e+00 2.380057003552890738e+00
1.490981963927855602e+01 1.332665748617248624e+00 1.342834729360283363e+00 2.675500477977531766e+00
1.494989979959919779e+01 1.496164875051453125e+00 1.477279510694130993e+00 2.973444385745584118e+00
1.498997995991983956e+01 1.632412882790815534e+00 1.580947845872778590e+00 3.213360728663594124e+00
1.503006012024047955e+01 1.726780115204263444e+00 1.619568792124961965e+00 3.346348907329225408e+00
1.507014028056112132e+01 1.768451407094939754e+00 1.585702242356846980e+00 3.354153649451786734e+00
1.511022044088176308e+01 1.750786362439252564e+00 1.489986127556288897e+00 3.240772489995541683e+00
1.515030060120240485e+01 1.674286028563680917e+00 1.355602511678066779e+00 3.029888540241747918e+00
1.519038076152304484e+01 1.548047184850692481e+00 1.213438273520017541e+00 2.761485458370709800e+00
1.523046092184368661e+01 1.389133561575644604e+00 1.091615120600224031e+00 2.480748682175868858e+00
1.527054108216432837e+01 1.220214813370014806e+00 1.011080152964462187e+00 2.231294966334476992e+00
1.531062124248497014e+01 1.064330783921667578e+00 9.845116485624058056e-01 2.048842432484073495e+00
1.535070140280561013e+01 9.397888095376665252e-01 1.017018764977388079e+00 1.956807574515054604e+00
1.539078156312625190e+01 8.585378597069708295e-01 1.104856493281744401e+00 1.963394352988715230e+00
1.543086172344689366e+01 8.262427681920681000e-01 1.233071694032981558e+00 2.059314462225049880e+00
1.547094188376753365e+01 8.425584833437991250e-01 1.382124122055503168e+00 2.224682605399302293e+00
1.551102204408817542e+01 9.021665942172326647e-01 1.529954205238131193e+00 2.432120799455363969e+00
1.555110220440881719e+01 9.963258006657765842e-01 1.652802638969641968e+00 2.649128439635418442e+00
1.559118236472945895e+01 1.114432140196794041e+00 1.724332478843377370e+00 2.838764619040171411e+00
1.563126252505009894e+01 1.244441845952003689e+00 1.718255541862757863e+00 2.962697387814761552e+00
1.567134268537074071e+01 1.371831570684830748e+00 1.628448605927851567e+00 3.000280176612682315e+00
1.571142284569138248e+01 1.480335573611853306e+00 1.486287996747376772e+00 2.966623570359230300e+00
1.575150300601202424e+01 1.556379895551575521e+00 1.332095110795215254e+00 2.888475006346790774e+00
1.579158316633266423e+01 1.592832082192966681e+00 1.191245936162789620e+00 2.784078018355756079e+00
1.583166332665330600e+01 1.587698809454582749e+00 1.083111460342374377e+00 2.670810269796957126e+00
1.587174348697394777e+01 1.541179061382847326e+00 1.021955397211870231e+00 2.563134458594717557e+00
1.591182364729458776e+01 1.456191493274377136e+00 1.013507807011938766e+00 2.469699300286316124e+00
1.595190380761522952e+01 1.340920841613084225e+00 1.054158487487389717e+00 2.395079329100473942e+00
1.599198396793587129e+01 1.210038656094681198e+00 1.131491465546455411e+00 2.341530121641136830e+00
1.603206412825651128e+01 1.083230580964466450e+00 1.222124810761324509e+00 2.305355391725790959e+00
1.607214428857715305e+01 9.801186921344449132e-01 1.299500696732445837e+00 2.279619388866890972e+00
1.611222444889779482e+01 9.142858251328126462e-01 1.354601191707464514e+00 2.268887016840277049e+00
1.615230460921843658e+01 8.909443135746342168e-01 1.396413185980254656e+00 2.287357499554889095e+00
1.619238476953907835e+01 9.077708388567389264e-01 1.433749972607753387e+00 2.341520811464492091e+00
1.623246492985972012e+01 9.568241397369030565e-01 1.468917657216111117e+00 2.425741796953014173e+00
1.627254509018035833e+01 1.027796188139138645e+00 1.496864394213947014e+00 2.524660582353085658e+00
1.631262525050100010e+01 1.111293737561844797e+00 1.502984898873575892e+00 2.614278636435420466e+00
1.635270541082164186e+01 1.200039558961366604e+00 1.476360396637934613e+00 2.676399955599300995e+00
1.639278557114228363e+01 1.287734769316803751e+00 1.418248017713154452e+00 2.705982787029958203e+00
1.643286573146292540e+01 1.366287641009349185e+00 1.337835788037729401e+00 2.704123429047078808e+00
1.647294589178356716e+01 1.424310196946559248e+00 1.257114620171484676e+00 2.681424817118044146e+00
1.651302605210420893e+01 1.450791560735317898e+00 1.196567677579444489e+00 2.647359238314762386e+00
1.655310621242485070e+01 1.442143122829142587e+00 1.155977346566466668e+00 2.598120469395609256e+00
1.659318637274548891e+01 1.404997074477396080e+00 1.123387753662963062e+00 2.528384828140358920e+00
1.663326653306613068e+01 1.351603029711450965e+00 1.096772467566683229e+00 2.448375497278134194e+00
1.667334669338677244e+01 1.293632027337380919e+00 1.087891104011891041e+00 2.381523131349271960e+00
1.671342685370741421e+01 1.239977896978242233e+00 1.104746700310412999e+00 2.344724597288655232e+00
1.675350701402805598e+01 1.197858934229812489e+00 1.148881031627340565e+00 2.346739965857152832e+00
1.679358717434869774e+01 1.174112132219454319e+00 1.219608731345762864e+00 2.393720863565217183e+00
1.683366733466933951e+01 1.173860952775491073e+00 1.305971133778081716e+00 2.479832086553572790e+00
1.687374749498997772e+01 1.197661588720450254e+00 1.385173007482306318e+00 2.582834596202756572e+00
1.691382765531061949e+01 1.241486887642813786e+00 1.430935044067549011e+00 2.672421931710363019e+00
1.695390781563126126e+01 1.297630479547181359e+00 1.423732678864409573e+00 2.721363158411590710e+00
1.699398797595190302e+01 1.353627648805602268e+00 1.366489322221515090e+00 2.720116971027117359e+00
1.703406813627254479e+01 1.394353803825721050e+00 1.292790417617733834e+00 2.687144221443454661e+00
1.707414829659318656e+01 1.408776922172437773e+00 1.239033043514399690e+00 2.647809965686837685e+00
1.711422845691382832e+01 1.394717123844307016e+00 1.224031268153226826e+00 2.618748391997534064e+00
1.715430861723446654e+01 1.358353679439523454e+00 1.250334221355840159e+00 2.608687900795363390e+00
1.719438877755510831e+01 1.309804018928482527e+00 1.308185296496775507e+00 2.617989315425258035e+00
1.723446893787575007e+01 1.257223509049979704e+00 1.384150366456400549e+00 2.641373875506380031e+00
1.727454909819639184e+01 1.203862881365643345e+00 1.461013886796822314e+00 2.664876768162465659e+00
1.731462925851703361e+01 1.151343052316046389e+00 1.519087853969045554e+00 2.670430906285091943e+00
1.735470941883767537e+01 1.105439115714864196e+00 1.535556934722651645e+00 2.640996050437515841e+00
1.739478957915831714e+01 1.076130216876072687e+00 1.496691986516682116e+00 2.572822203392754581e+00
1.743486973947895891e+01 1.071568463233779633e+00 1.414063016461744260e+00 2.485631479695523893e+00
1.747494989979959712e+01 1.093973070629194799e+00 1.311307154363423599e+00 2.405280224992618621e+00
1.751503006012023889e+01 1.140288729099657949e+00 1.206401650120744851e+00 2.346690379220402800e+00
1.755511022044088065e+01 1.204098870542391175e+00 1.114547552282490805e+00 2.318646422824881981e+00
1.759519038076152242e+01 1.275888272361515918e+00 1.051769906669729471e+00 2.327658179031245389e+00
1.763527054108216419e+01 1.343003303861670217e+00 1.031418837767326790e+00 2.374422141628997007e+00
1.767535070140280595e+01 1.393555397272986385e+00 1.064185923008797774e+00 2.457741320281784159e+00
1.771543086172344772e+01 1.420824211680967730e+00 1.153865040340235515e+00 2.574689252021203245e+00
1.775551102204408593e+01 1.420859294358373770e+00 1.295799495563761505e+00 2.716658789922135497e+00
1.779559118236472770e+01 1.388807330279184349e+00 1.481914821657964065e+00 2.870722151937148414e+00
1.783567134268536947e+01 1.322034806257788464e+00 1.688136010392957242e+00 3.010170816650745707e+00
1.787575150300601123e+01 1.225254242602240584e+00 1.868823807198524589e+00 3.094078049800764951e+00
1.791583166332665300e+01 1.111242516432564331e+00 1.972009426537866705e+00 3.083251942970431259e+00
1.795591182364729477e+01 9.975528733373741908e-01 1.965711019027381212e+00 2.963263892364755403e+00
1.799599198396793653e+01 9.008840249505040143e-01 1.853205695672007991e+00 2.754089720622511894e+00
1.803607214428857475e+01 8.308132836552664102e-01 1.660662739411806532e+00 2.491476023067073164e+00
1.807615230460921651e+01 7.874175791515535261e-01 1.433631479284784405e+00 2.221049058436337820e+00
1.811623246492985828e+01 7.663434035360583430e-01 1.224300520552445981e+00 1.990643924088504324e+00
1.815631262525050005e+01 7.660033636876384389e-01 1.069103660540414724e+00 1.835107024228053163e+00
1.819639278557114181e+01 7.884136146544754586e-01 9.861902127955376463e-01 1.774603827450013105e+00
1.823647294589178358e+01 8.349427768578938647e-01 9.808298671594869456e-01 1.815772644017380699e+00
1.827655310621242535e+01 9.033426570589633275e-01 1.049007793797166910e+00 1.952350450856130237e+00
1.831663326653306711e+01 9.873108808411565906e-01 1.184967328057634051e+00 2.172278208898790641e+00
1.835671342685370533e+01 1.076254663461658323e+00 1.387777392146910760e+00 2.464032055608568861e+00
1.839679358717434710e+01 1.154587753258778937e+00 1.649536708793610140e+00 2.804124462052389077e+00
1.843687374749498886e+01 1.204972677037482676e+00 1.944952652389229319e+00 3.149925329426712217e+00
1.847695390781563063e+01 1.217233603512265949e+00 2.226072558568870541e+00 3.443306162081136712e+00
1.851703406813627240e+01 1.192779743380024238e+00 2.434491790202760519e+00 3.627271533582784535e+00
1.855711422845691416e+01 1.138411239923541762e+00 2.527741549896947326e+00 3.666152789820489311e+00
1.859719438877755593e+01 1.059665239107951518e+00 2.485075461329477875e+00 3.544740700437429393e+00
1.863727454909819414e+01 9.614368221688677218e-01 2.310251194534851837e+00 3.271688016703719448e+00
1.867735470941883591e+01 8.512546383067642886e-01 2.025414504395373960e+00 2.876669142702138249e+00
1.871743486973947768e+01 7.405925783082473179e-01 1.673344748598400322e+00 2.413937326906647751e+00
1.875751503006011944e+01 6.438479946349523475e-01 1.318461609379184996e+00 1.962309604014137232e+00
1.879759519038076121e+01 5.750343517278747596e-01 1.020840301051038956e+00 1.595874652778913827e+00
1.883767535070140298e+01 5.431684573313837472e-01 8.208773340100412597e-01 1.364045791341425007e+00
1.887775551102204474e+01 5.500327826082079818e-01 7.422730084631927738e-01 1.292305791071400645e+00
1.891783567134268296e+01 5.927033772762262398e-01 7.947754674074559711e-01 1.387478844683682322e+00
1.895791583166332472e+01 6.664876742312535463e-01 9.757972990633061450e-01 1.642284973294559691e+00
1.899799599198396649e+01 7.640748279726892189e-01 1.271313908335890197e+00 2.035388736308579638e+00
1.903807615230460826e+01 8.743493419747163653e-01 1.655111456835841377e+00 2.529460798810557520e+00
1.907815631262525002e+01 9.844487333934405227e-01 2.086669618068537790e+00 3.071118351461978424e+00
1.911823647294589179e+01 1.082544544642612738e+00 2.505516553170448191e+00 3.588061097813060929e+00
1.915831663326653356e+01 1.157004847580657803e+00 2.832183063581069860e+00 3.989187911161727662e+00
1.919839679358717532e+01 1.194122497440812225e+00 2.997934983795627950e+00 4.192057481236440175e+00
1.923847695390781354e+01 1.182632015299359685e+00 2.966578339348261206e+00 4.149210354647620669e+00
1.927855711422845530e+01 1.122547636275559313e+00 2.743676044960834393e+00 3.866223681236393706e+00
1.931863727454909707e+01 1.025400278905059137e+00 2.376371259214820508e+00 3.401771538119879423e+00
1.935871743486973884e+01 9.064406506407772790e-01 1.932207968566999723e+00 2.838648619207777113e+00
1.939879759519038060e+01 7.800197225551503966e-01 1.487192401125643437e+00 2.267212123680793834e+00
1.943887775551102237e+01 6.595964561996463527e-01 1.105129594340124033e+00 1.764726050539770386e+00
1.947895791583166414e+01 5.575174486006641006e-01 8.275653957271011940e-01 1.385082844327765184e+00
1.951903807615230235e+01 4.836052003091224627e-01 6.786570535664893100e-01 1.162262253875611773e+00
1.955911823647294412e+01 4.443445371842199565e-01 6.660241750160945662e-01 1.110368712200314523e+00
1.959919839679358589e+01 4.428004397236756096e-01 7.842482137166176814e-01 1.227048653440293347e+00
1.963927855711422765e+01 4.775129349253363631e-01 1.018665235161044125e+00 1.496178170086380543e+00
1.967935871743486942e+01 5.413789655348517638e-01 1.348200777516268545e+00 1.889579743051120309e+00
1.971943887775551119e+01 6.228939502130582673e-01 1.743173086250465076e+00 2.366067036463523454e+00
1.975951903807615295e+01 7.087920457671457175e-01 2.156619807194618765e+00 2.865411852961764261e+00
1.979959919839679117e+01 7.866221937133744957e-01 2.524067545033911397e+00 3.310689738747286004e+00
1.983967935871743293e+01 8.471730975453087842e-01 2.790190611189150349e+00 3.637363708734459244e+00
1.987975951903807470e+01 8.860511052703561319e-01 2.924342011225747662e+00 3.810393116496103794e+00
1.991983967935871647e+01 9.026347248240307319e-01 2.908965798362504351e+00 3.811600523186535305e+00
1.995991983967935823e+01 8.962206433550016227e-01 2.743725740159232096e+00 3.639946383514233830e+00
2.000000000000000000e+01 8.645480142780324062e-01 2.456475800014215505e+00 3.321023814292248133e+00
