# # time expt_val_site1 expt_val_site2  # initial_state: |1,1,0,0>  # params: hop_enr k = 1  #         col_replu U = 8  #         ferm_bos_cop g = 0.1   #         intr_str  wr = 8resonator (each) 
0.000000000000000000e+00 1.000000000000000000e+00 0.000000000000000000e+00
4.008016032064128098e-02 9.967914593379136878e-01 2.577820477263379992e-06
8.016032064128256196e-02 9.875430595604576256e-01 4.006447632542478306e-05
1.202404809619238429e-01 9.733405799202148323e-01 1.957067607333425031e-04
1.603206412825651239e-01 9.558464627312734940e-01 5.892259145590532420e-04
2.004008016032063910e-01 9.370982256388898923e-01 1.351691685458360995e-03
2.404809619238476859e-01 9.192619104609313085e-01 2.596617081600876512e-03
2.805611222444889807e-01 9.043706228702353966e-01 4.392348332045777071e-03
3.206412825651302478e-01 8.940798110013898903e-01 6.740763642738652542e-03
3.607214428857715149e-01 8.894686867106202932e-01 9.566420603058314182e-03
4.008016032064127820e-01 8.909114676938316713e-01 1.271872600240459006e-02
4.408817635270541047e-01 8.980336553487738849e-01 1.598767289746257092e-02
4.809619238476953718e-01 9.097583822274424303e-01 1.913150290337401263e-02
5.210420841683366389e-01 9.244371415382799384e-01 2.191264092145966264e-02
5.611222444889779615e-01 9.400491671728676835e-01 2.413672718698412975e-02
6.012024048096191731e-01 9.544455126175324100e-01 2.568878111995232666e-02
6.412825651302604957e-01 9.656084476254014337e-01 2.656061193616676350e-02
6.813627254509018183e-01 9.718948344832719632e-01 2.686455731650862211e-02
7.214428857715430299e-01 9.722339635281606052e-01 2.683037320628589573e-02
7.615230460921843525e-01 9.662557761539474210e-01 2.678439422331962277e-02
8.016032064128255641e-01 9.543338739334834564e-01 2.711263227708831866e-02
8.416833667334668867e-01 9.375381793107012696e-01 2.821193324302372074e-02
8.817635270541082093e-01 9.175032557742087702e-01 3.043531838937962863e-02
9.218436873747494209e-01 8.962286779377881540e-01 3.403889186796787980e-02
9.619238476953907435e-01 8.758361242128380741e-01 3.913797635992496277e-02
1.002004008016031955e+00 8.583130001030905287e-01 4.567934564377772871e-02
1.042084168336673278e+00 8.452737826978540259e-01 5.343460046745472647e-02
1.082164328657314600e+00 8.377678107458296219e-01 6.201707910694220782e-02
1.122244488977955923e+00 8.361563283273965030e-01 7.092153796044128877e-02
1.162324649298597246e+00 8.400730299817252833e-01 7.958260736684827363e-02
1.202404809619238346e+00 8.484722339728391072e-01 8.744518620387491115e-02
1.242484969939879669e+00 8.597583410102820345e-01 9.403791365188639284e-02
1.282565130260520991e+00 8.719806230537546776e-01 9.903997233066738626e-02
1.322645290581162314e+00 8.830697103853520913e-01 1.023319013815049555e-01
1.362725450901803637e+00 8.910872639704913167e-01 1.040228136515520124e-01
1.402805611222444737e+00 8.944587960975238783e-01 1.044492182492746252e-01
1.442885771543086060e+00 8.921616397991992686e-01 1.041441971612471484e-01
1.482965931863727382e+00 8.838454742916636020e-01 1.037795209879411734e-01
1.523046092184368705e+00 8.698709938680010412e-01 1.040869239309980959e-01
1.563126252505010028e+00 8.512623025702994450e-01 1.057677238512813866e-01
1.603206412825651128e+00 8.295792018138911095e-01 1.094018771665253992e-01
1.643286573146292451e+00 8.067253733204319266e-01 1.153681267065520266e-01
1.683366733466933773e+00 7.847162767860745847e-01 1.237860090935018753e-01
1.723446893787575096e+00 7.654353719139239676e-01 1.344881812278843625e-01
1.763527054108216419e+00 7.504084415535006158e-01 1.470280220918656344e-01
1.803607214428857741e+00 7.406232379631750851e-01 1.607231490772789151e-01
1.843687374749498842e+00 7.364157970484851434e-01 1.747308721952642585e-01
1.883767535070140164e+00 7.374363839790866182e-01 1.881472870513876683e-01
1.923847695390781487e+00 7.426982475291827868e-01 2.001182729591959308e-01
1.963927855711422810e+00 7.507023881658746456e-01 2.099486262377080470e-01
2.004008016032063910e+00 7.596225662947505564e-01 2.171952626833099087e-01
2.044088176352705233e+00 7.675278046701147217e-01 2.217319778392503049e-01
2.084168336673346555e+00 7.726154258180135681e-01 2.237765095352109712e-01
2.124248496993987878e+00 7.734266480030573820e-01 2.238752100596883565e-01
2.164328657314629201e+00 7.690190328893051763e-01 2.228459230437204175e-01
2.204408817635270523e+00 7.590753733527345615e-01 2.216849889528764439e-01
2.244488977955911846e+00 7.439363329862059837e-01 2.214489863832740935e-01
2.284569138276553169e+00 7.245534095305486977e-01 2.231252567468452463e-01
2.324649298597194491e+00 7.023684912919984091e-01 2.275070207708670966e-01
2.364729458917835370e+00 6.791352159803503152e-01 2.350887447849633327e-01
2.404809619238476692e+00 6.567043928653824025e-01 2.459953434297118269e-01
2.444889779559118015e+00 6.368000006217742204e-01 2.599550209722114036e-01
2.484969939879759337e+00 6.208131760566734103e-01 2.763204596224000387e-01
2.525050100200400660e+00 6.096390665927445829e-01 2.941372247815640661e-01
2.565130260521041983e+00 6.035758040523763190e-01 3.122523504419856821e-01
2.605210420841683305e+00 6.022969477611213041e-01 3.294508160661700491e-01
2.645290581162324628e+00 6.048996000373871862e-01 3.446037179792548755e-01
2.685370741482965951e+00 6.100211923494127664e-01 3.568099367328405047e-01
2.725450901803607273e+00 6.160098023413992374e-01 3.655133550797404207e-01
2.765531062124248596e+00 6.211267287177077989e-01 3.705802521591706200e-01
2.805611222444889474e+00 6.237565770307132995e-01 3.723261340847883183e-01
2.845691382765530797e+00 6.225996175739209049e-01 3.714874064500314210e-01
2.885771543086172120e+00 6.168236507517308453e-01 3.691401696305345315e-01
2.925851703406813442e+00 6.061577221900420476e-01 3.665751273301104951e-01
2.965931863727454765e+00 5.909171603652911831e-01 3.651432642853992272e-01
3.006012024048096087e+00 5.719577361864264242e-01 3.660908362310076880e-01
3.046092184368737410e+00 5.505652960429148202e-01 3.704038312963190971e-01
3.086172344689378733e+00 5.282949790618666208e-01 3.786812093593535100e-01
3.126252505010020055e+00 5.067801446624596862e-01 3.910530104693724640e-01
3.166332665330661378e+00 4.875346479522757459e-01 4.071542252047997135e-01
3.206412825651302256e+00 4.717726527839421480e-01 4.261587379678450360e-01
3.246492985971943579e+00 4.602676942683811556e-01 4.468704393191932911e-01
3.286573146292584902e+00 4.532675310325136042e-01 4.678615837047498394e-01
3.326653306613226224e+00 4.504741642826447512e-01 4.876424724178369807e-01
3.366733466933867547e+00 4.510902074833884057e-01 5.048423141369443590e-01
3.406813627254508869e+00 4.539246417709654757e-01 5.183792345214730535e-01
3.446893787575150192e+00 4.575439164495364586e-01 5.275981989233898828e-01
3.486973947895791515e+00 4.604491929090665514e-01 5.323590878564470330e-01
3.527054108216432837e+00 4.612578411029033543e-01 5.330629832685409575e-01
3.567134268537074160e+00 4.588673065762268743e-01 5.306122119965326345e-01
3.607214428857715482e+00 4.525820715618302792e-01 5.263079194735162947e-01
3.647294589178356361e+00 4.421892470730305891e-01 5.216968464458787702e-01
3.687374749498997684e+00 4.279747404112634324e-01 5.183855105785628581e-01
3.727454909819639006e+00 4.106791778773004054e-01 5.178442880810587567e-01
3.767535070140280329e+00 3.913999840884783143e-01 5.212253870494562014e-01
3.807615230460921651e+00 3.714523903163814977e-01 5.292172203126973562e-01
3.847695390781562974e+00 3.522069166339410473e-01 5.419534240502570377e-01
3.887775551102204297e+00 3.349234723098710731e-01 5.589882713645586421e-01
3.927855711422845619e+00 3.206023233554392005e-01 5.793422913186757617e-01
3.967935871743486942e+00 3.098697706528342199e-01 6.016134636500827249e-01
4.008016032064127820e+00 3.029117782277525039e-01 6.241413966292554960e-01
4.048096192384769587e+00 2.994625965608744833e-01 6.452053312884687974e-01
4.088176352705410466e+00 2.988484633896468234e-01 6.632324264210543996e-01
4.128256513026052232e+00 3.000796529631685194e-01 6.769911225851267256e-01
4.168336673346693111e+00 3.019783617275709209e-01 6.857457316922063173e-01
4.208416833667334878e+00 3.033258731479657189e-01 6.893526877499288608e-01
4.248496993987975756e+00 3.030105843253158571e-01 6.882857011253866730e-01
4.288577154308616635e+00 3.001589431164771726e-01 6.835856199430186964e-01
4.328657314629258401e+00 2.942339764779089428e-01 6.767400850735312279e-01
4.368737474949899280e+00 2.850904746849758920e-01 6.695068912516455306e-01
4.408817635270541047e+00 2.729814369475167535e-01 6.637021750737602810e-01
4.448897795591181925e+00 2.585163884366692422e-01 6.609791709579773133e-01
4.488977955911823692e+00 2.425779353266717675e-01 6.626246800695597683e-01
4.529058116232464570e+00 2.262077748755489670e-01 6.693983931494363881e-01
4.569138276553106337e+00 2.104767784426917754e-01 6.814350632229855265e-01
4.609218436873747216e+00 1.963553403834451261e-01 6.982219112512505488e-01
4.649298597194388982e+00 1.845997673276452977e-01 7.186545348071082806e-01
4.689378757515029861e+00 1.756681375222923780e-01 7.411650977802513030e-01
4.729458917835670739e+00 1.696750934551074785e-01 7.639078375073231619e-01
4.769539078156312506e+00 1.663899577486661341e-01 7.849799470023222092e-01
4.809619238476953385e+00 1.652770463670025780e-01 8.026514724130053846e-01
4.849699398797595151e+00 1.655718183148301437e-01 8.155765253743411103e-01
4.889779559118236030e+00 1.663822263337014495e-01 8.229600356370186942e-01
4.929859719438877796e+00 1.668018526727312323e-01 8.246592990876761009e-01
4.969939879759518675e+00 1.660204405035505815e-01 8.212071947509153036e-01
5.010020040080160442e+00 1.634183185325297216e-01 8.137533117930332294e-01
5.050100200400801320e+00 1.586337646576795601e-01 8.039292491820634323e-01
5.090180360721443087e+00 1.515961577170172325e-01 7.936537922702532333e-01
5.130260521042083965e+00 1.425222828001392883e-01 7.849013136467428708e-01
5.170340681362724844e+00 1.318777905558926877e-01 7.794615617752171932e-01
5.210420841683366611e+00 1.203099946529471720e-01 7.787203137439411282e-01
5.250501002004007489e+00 1.085614429299224387e-01 7.834879678354793597e-01
5.290581162324649256e+00 9.737566984669740466e-02 7.938973337385313300e-01
5.330661322645290134e+00 8.740704532318752107e-02 8.093834005072091387e-01
5.370741482965931901e+00 7.914566599058275864e-02 8.287478237941133807e-01
5.410821643286572780e+00 7.286594809508051274e-02 8.503005477215570540e-01
5.450901803607214546e+00 6.860428918564609457e-02 8.720616312386090252e-01
5.490981963927855425e+00 6.616730119007448174e-02 8.919990881787028814e-01
5.531062124248497192e+00 6.516818443982123898e-02 9.082741973272618896e-01
5.571142284569138070e+00 6.508532229786516410e-02 9.194647656856409501e-01
5.611222444889778949e+00 6.533457889761061510e-02 9.247393292262363618e-01
5.651302605210420715e+00 6.534540053062756759e-02 9.239609727719900745e-01
5.691382765531061594e+00 6.463080163606767237e-02 9.177077223459400024e-01
5.731462925851703361e+00 6.284261066325411149e-02 9.072063937633750852e-01
5.771543086172344239e+00 5.980572696104947961e-02 8.941872366666797634e-01
5.811623246492986006e+00 5.552822284196128055e-02 8.806764490238887522e-01
5.851703406813626884e+00 5.018746123661646519e-02 8.687514366076525274e-01
5.891783567134268651e+00 4.409552656203459542e-02 8.602885256863768149e-01
5.931863727454909530e+00 3.764977973417461821e-02 8.567340192277955735e-01
5.971943887775551296e+00 3.127595122696157082e-02 8.589267965352364032e-01
6.012024048096192175e+00 2.537172104086892616e-02 8.669943935542873126e-01
6.052104208416833053e+00 2.025819149051502968e-02 8.803354584636647884e-01
6.092184368737474820e+00 1.614516601505810653e-02 8.976908262407850003e-01
6.132264529058115698e+00 1.311394674507569517e-02 9.172945716752783918e-01
6.172344689378757465e+00 1.111877659418377545e-02 9.370866584129297072e-01
6.212424849699398344e+00 1.000543750980460896e-02 9.549613888534056461e-01
6.252505010020040110e+00 9.543227953896634905e-03 9.690216304267016412e-01
6.292585170340680989e+00 9.464881403873880161e-03 9.778081886771491371e-01
6.332665330661322756e+00 9.508164725133742487e-03 9.804767248209231845e-01
6.372745490981963634e+00 9.453001731446237718e-03 9.769008805923228289e-01
6.412825651302604513e+00 9.148960497846497786e-03 9.676890411236281908e-01
6.452905811623246279e+00 8.529652395135155912e-03 9.541124414182156066e-01
6.492985971943887158e+00 7.612743296152529524e-03 9.379529392489993622e-01
6.533066132264528925e+00 6.486539459868439703e-03 9.212885096463840906e-01
6.573146292585169803e+00 5.286139902390405050e-03 9.062421946863958855e-01
6.613226452905811570e+00 4.163644732453983949e-03 8.947248915700343197e-01
6.653306613226452448e+00 3.257663669753173546e-03 8.882033351194882353e-01
6.693386773547094215e+00 2.667286272971569876e-03 8.875217220033028154e-01
6.733466933867735094e+00 2.434788149262255130e-03 8.927989302472708610e-01
6.773547094188376860e+00 2.539807477166516631e-03 9.034139963788513361e-01
6.813627254509017739e+00 2.905779560672849121e-03 9.180816065658601310e-01
6.853707414829658617e+00 3.417366860705180111e-03 9.350082481982331384e-01
6.893787575150300384e+00 3.945783925702070136e-03 9.521097851437179127e-01
6.933867735470941263e+00 4.377574178652038871e-03 9.672638052857132074e-01
6.973947895791583029e+00 4.641758199952367332e-03 9.785660278308133675e-01
7.014028056112223908e+00 4.730445480014135000e-03 9.845597778695425184e-01
7.054108216432865675e+00 4.708966157595918280e-03 9.844109835788101837e-01
7.094188376753506553e+00 4.713197396150494919e-03 9.780078368591433868e-01
7.134268537074148320e+00 4.933790207695619781e-03 9.659733429586661035e-01
7.174348697394789198e+00 5.589139542980624785e-03 9.495893946955067388e-01
7.214428857715430965e+00 6.890855777519845800e-03 9.306415489535130314e-01
7.254509018036071843e+00 9.006890963363383892e-03 9.112031582280066822e-01
7.294589178356712722e+00 1.202812394532935640e-02 8.933848238513297790e-01
7.334669338677354489e+00 1.594399707543368155e-02 8.790794094604800213e-01
7.374749498997995367e+00 2.063172971529564706e-02 8.697335208761899361e-01
7.414829659318637134e+00 2.586183843040009214e-02 8.661732663991090764e-01
7.454909819639278012e+00 3.132040458298279706e-02 8.685055642599156522e-01
7.494989979959919779e+00 3.664605612186563888e-02 8.761070225253879684e-01
7.535070140280560658e+00 4.147731736678238190e-02 8.877016232736826273e-01
7.575150300601202424e+00 4.550416665879673112e-02 9.015174753552878117e-01
7.615230460921843303e+00 4.851661279598210724e-02 9.155031771997460543e-01
7.655310621242485070e+00 5.044304938593419801e-02 9.275771023721894881e-01
7.695390781563125948e+00 5.137213708577721694e-02 9.358790836720461970e-01
7.735470941883766827e+00 5.155391689812226924e-02 9.389939528516696443e-01
7.775551102204408593e+00 5.137854750008205573e-02 9.361201098830402856e-01
7.815631262525049472e+00 5.133413751415742687e-02 9.271631995303498686e-01
7.855711422845691239e+00 5.194818320178842125e-02 9.127441536981584225e-01
7.895791583166332117e+00 5.371968025977644223e-02 8.941211813769334160e-01
7.935871743486973884e+00 5.705066405937519319e-02 8.730355383712585793e-01
7.975951903807614762e+00 6.218646928524012435e-02 8.514999187220919641e-01
8.016032064128255641e+00 6.917327085013988408e-02 8.315550677459486728e-01
8.056112224448897408e+00 7.783953544298781446e-02 8.150239574085229588e-01
8.096192384769539174e+00 8.780510861944726408e-02 8.032931412899430024e-01
8.136272545090179165e+00 9.851815186465483209e-02 7.971476462197133461e-01
8.176352705410820931e+00 1.093164759619189158e-01 7.966792940669703560e-01
8.216432865731462698e+00 1.195064632291513301e-01 8.012794114850291249e-01
8.256513026052104465e+00 1.284501698336564801e-01 8.097165464022956227e-01
8.296593186372744455e+00 1.356497047755641505e-01 8.202893550227311481e-01
8.336673346693386222e+00 1.408178249647031033e-01 8.310355896790474484e-01
8.376753507014027988e+00 1.439249445698048413e-01 8.399713017709450336e-01
8.416833667334669755e+00 1.452153412365627116e-01 8.453308489145471283e-01
8.456913827655309746e+00 1.451889911121150845e-01 8.457784824302185811e-01
8.496993987975951512e+00 1.445497643638856133e-01 8.405661047813413056e-01
8.537074148296593279e+00 1.441251333478597574e-01 8.296186649510008948e-01
8.577154308617233269e+00 1.447665028413424315e-01 8.135376691362401491e-01
8.617234468937875036e+00 1.472422061410407490e-01 7.935232678267672979e-01
8.657314629258516803e+00 1.521366720631177061e-01 7.712251210660989731e-01
8.697394789579158569e+00 1.597689913895746494e-01 7.485406107081836735e-01
8.737474949899798560e+00 1.701420693426481667e-01 7.273850324400429335e-01
8.777555110220440326e+00 1.829299658730839939e-01 7.094615121026129900e-01
8.817635270541082093e+00 1.975063424616083918e-01 6.960582288873579104e-01
8.857715430861723860e+00 2.130117540025145695e-01 6.878971213960984876e-01
8.897795591182363850e+00 2.284525167221031772e-01 6.850519825835931220e-01
8.937875751503005617e+00 2.428196918820931527e-01 6.869454263195318156e-01
8.977955911823647384e+00 2.552138853975569055e-01 6.924246141462918613e-01
9.018036072144287374e+00 2.649604408199551786e-01 6.999060241615533418e-01
9.058116232464929141e+00 2.717003578661019159e-01 7.075711238467656816e-01
9.098196392785570907e+00 2.754448453822726517e-01 7.135886542354976658e-01
9.138276553106212674e+00 2.765855533825545831e-01 7.163361435622633833e-01
9.178356713426852664e+00 2.758577769713692618e-01 7.145936375977504085e-01
9.218436873747494431e+00 2.742596932954639022e-01 7.076863834921390817e-01
9.258517034068136198e+00 2.729362968321395466e-01 6.955597991540580782e-01
9.298597194388777964e+00 2.730414322352985312e-01 6.787785983673061407e-01
9.338677354709417955e+00 2.755945448142311238e-01 6.584512975363306930e-01
9.378757515030059722e+00 2.813499883601845997e-01 6.360903231485806053e-01
9.418837675350701488e+00 2.906956982151136515e-01 6.134254937854626277e-01
9.458917835671341479e+00 3.035947988242341800e-01 5.921939187304783303e-01
9.498997995991983245e+00 3.195786233662100684e-01 5.739317941128544431e-01
9.539078156312625012e+00 3.377933043829457471e-01 5.597929818642867206e-01
9.579158316633266779e+00 3.570953611759902224e-01 5.504157557245913379e-01
9.619238476953906769e+00 3.761854421580615448e-01 5.458531279855413088e-01
9.659318637274548536e+00 3.937643966899306847e-01 5.455744278237599776e-01
9.699398797595190302e+00 4.086927933189112294e-01 5.485371830883206679e-01
9.739478957915832069e+00 4.201342553519891720e-01 5.533198746246830169e-01
9.779559118236472059e+00 4.276646425154159714e-01 5.582988090687068805e-01
9.819639278557113826e+00 4.313329726842397571e-01 5.618471042346284694e-01
9.859719438877755593e+00 4.316656024025647964e-01 5.625312745950897808e-01
9.899799599198395583e+00 4.296119268736626196e-01 5.592814721024105262e-01
9.939879759519037350e+00 4.264369502005709300e-01 5.515150016930626675e-01
9.979959919839679117e+00 4.235726923765016916e-01 5.391988064428741012e-01
1.002004008016032088e+01 4.224457434908702735e-01 5.228443817368344515e-01
1.006012024048096087e+01 4.243016597103884679e-01 5.034369961437493712e-01
1.010020040080160264e+01 4.300478272211965547e-01 4.823090795622824167e-01
1.014028056112224441e+01 4.401346812587559887e-01 4.609741999194648665e-01
1.018036072144288617e+01 4.544908696637193768e-01 4.409424319197815523e-01
1.022044088176352616e+01 4.725215519401777531e-01 4.235396787339056890e-01
1.026052104208416793e+01 4.931712913953517630e-01 4.097525306935600464e-01
1.030060120240480970e+01 5.150449100029610427e-01 4.001167433469250967e-01
1.034068136272544969e+01 5.365722908408743219e-01 3.946618694143286254e-01
1.038076152304609145e+01 5.561974095052544254e-01 3.929176674054361551e-01
1.042084168336673322e+01 5.725686069761416475e-01 3.939804457833545048e-01
1.046092184368737499e+01 5.847067042272633408e-01 3.966303492739070014e-01
1.050100200400801498e+01 5.921300462467339321e-01 3.994845859603828875e-01
1.054108216432865675e+01 5.949206255861370085e-01 4.011674444498889436e-01
1.058116232464929851e+01 5.937224433676112634e-01 4.004761682084680419e-01
1.062124248496994028e+01 5.896713769880933542e-01 3.965225667161322853e-01
1.066132264529058027e+01 5.842640889723753617e-01 3.888335500718618221e-01
1.070140280561122204e+01 5.791809746047399399e-01 3.773991440975226763e-01
1.074148296593186380e+01 5.760839367063349536e-01 3.626632652310035065e-01
1.078156312625250379e+01 5.764131914046869420e-01 3.454597157789268125e-01
1.082164328657314556e+01 5.812078872259872631e-01 3.269025590002184178e-01
1.086172344689378733e+01 5.909729033556554434e-01 3.082453999712891357e-01
1.090180360721442909e+01 6.056089705677939472e-01 2.907274934824176649e-01
1.094188376753506908e+01 6.244157764987540160e-01 2.754256750212333849e-01
1.098196392785571085e+01 6.461688422877033267e-01 2.631298316682357807e-01
1.102204408817635262e+01 6.692617855263757187e-01 2.542562559472453798e-01
1.106212424849699438e+01 6.918972983565616630e-01 2.488082507479329186e-01
1.110220440881763437e+01 7.123038709282796255e-01 2.463874260902079172e-01
1.114228456913827614e+01 7.289518310733390516e-01 2.462529698531600864e-01
1.118236472945891791e+01 7.407421215941871750e-01 2.474205006311194499e-01
1.122244488977955790e+01 7.471444185114524128e-01 2.487875638946469847e-01
1.126252505010019966e+01 7.482672865552653096e-01 2.492699214263812968e-01
1.130260521042084143e+01 7.448512858769379408e-01 2.479318326055893751e-01
1.134268537074148320e+01 7.381852578647261076e-01 2.440946338468066579e-01
1.138276553106212319e+01 7.299553002174717919e-01 2.374109421599307490e-01
1.142284569138276495e+01 7.220441015734672119e-01 2.278963519764440615e-01
1.146292585170340672e+01 7.163044047566476946e-01 2.159159708012553802e-01
1.150300601202404849e+01 7.143337027004983408e-01 2.021288307762343361e-01
1.154308617234468848e+01 7.172774368096129782e-01 1.873983741647537171e-01
1.158316633266533024e+01 7.256848942994753582e-01 1.726811774794469456e-01
1.162324649298597201e+01 7.394359743272631569e-01 1.589083679397587101e-01
1.166332665330661200e+01 7.577486466601067727e-01 1.468745603928829913e-01
1.170340681362725377e+01 7.792672023185261976e-01 1.371476360474631617e-01
1.174348697394789554e+01 8.022214544608065045e-01 1.300095779926603301e-01
1.178356713426853730e+01 8.246381387444220445e-01 1.254343444196911739e-01
1.182364729458917729e+01 8.445790555764810525e-01 1.231039816680044446e-01
1.186372745490981906e+01 8.603769085976177289e-01 1.224594658641301598e-01
1.190380761523046083e+01 8.708398392886125272e-01 1.227786765231746180e-01
1.194388777555110259e+01 8.753993612467153573e-01 1.232709044924129582e-01
1.198396793587174258e+01 8.741832857526036227e-01 1.231756904535715180e-01
1.202404809619238435e+01 8.680044060696102681e-01 1.218537200982795915e-01
1.206412825651302612e+01 8.582659925132219980e-01 1.188589315048640543e-01
1.210420841683366611e+01 8.467952570159518189e-01 1.139837101575384981e-01
1.214428857715430787e+01 8.356246536240785616e-01 1.072726965758106221e-01
1.218436873747494964e+01 8.267471783209893177e-01 9.900483587568338628e-02
1.222444889779559141e+01 8.218750142350047527e-01 8.964732459753328719e-02
1.226452905811623140e+01 8.222305944980868864e-01 7.978853528540891249e-02
1.230460921843687316e+01 8.283954595431043400e-01 7.005938510067472036e-02
1.234468937875751493e+01 8.402355682085564936e-01 6.105367165522217893e-02
1.238476953907815670e+01 8.569127135785916671e-01 5.325752984602458856e-02
1.242484969939879669e+01 8.769814000425805167e-01 4.699647436691606339e-02
1.246492985971943845e+01 8.985601503511896349e-01 4.240577214711171300e-02
1.250501002004008022e+01 9.195569906385128167e-01 3.942655600261144727e-02
1.254509018036072021e+01 9.379219846701870589e-01 3.782662515349702326e-02
1.258517034068136198e+01 9.518960862206086171e-01 3.724174769841186172e-02
1.262525050100200374e+01 9.602257844440488244e-01 3.723087617529720339e-02
1.266533066132264551e+01 9.623170675126551110e-01 3.733727932903427998e-02
1.270541082164328550e+01 9.583096368979155955e-01 3.714730427144341540e-02
1.274549098196392727e+01 9.490621184781917741e-01 3.633928722723826776e-02
1.278557114228456904e+01 9.360499653828932010e-01 3.471686697494938412e-02
1.282565130260520903e+01 9.211884285849921694e-01 3.222335416466553387e-02
1.286573146292585079e+01 9.066020537302890148e-01 2.893653155791293605e-02
1.290581162324649256e+01 8.943685623099278947e-01 2.504593484625476305e-02
1.294589178356713433e+01 8.862679758274747410e-01 2.081693633652928130e-02
1.298597194388777432e+01 8.835671524527202170e-01 1.654752955686527791e-02
1.302605210420841608e+01 8.868656618334269659e-01 1.252439590297900820e-02
1.306613226452905785e+01 8.960216441485735483e-01 8.984555997495138543e-03
1.310621242484969962e+01 9.101668194641235887e-01 6.087737749156823565e-03
1.314629258517033961e+01 9.278092020710214660e-01 3.902728052944507992e-03
1.318637274549098137e+01 9.470115388032153136e-01 2.408712174669185285e-03
1.322645290581162314e+01 9.656242636969902815e-01 1.510293097311610384e-03
1.326653306613226313e+01 9.815449742841693137e-01 1.062869483152470429e-03
1.330661322645290490e+01 9.929729749649990334e-01 9.036273460471988712e-04
1.334669338677354666e+01 9.986278118005396109e-01 8.827611125542805933e-04
1.338677354709418843e+01 9.979049762951224256e-01 8.897548674006039047e-04
1.342685370741482842e+01 9.909496047880359537e-01 8.705649272980988708e-04
1.346693386773547019e+01 9.786390949620610291e-01 8.331747408689947360e-04
1.350701402805611195e+01 9.624768053866179507e-01 8.409794871785742287e-04
1.354709418837675372e+01 9.444099435412209864e-01 9.954904558474519331e-04
1.358717434869739371e+01 9.265939851061633092e-01 1.411616185652783597e-03
1.362725450901803548e+01 9.111323615400197529e-01 2.190008929211117138e-03
1.366733466933867724e+01 8.998229660228781457e-01 3.391473000593450086e-03
1.370741482965931723e+01 8.939419972187478969e-01 5.018136291012919789e-03
1.374749498997995900e+01 8.940909967292375304e-01 7.005029075263687934e-03
1.378757515030060077e+01 9.001252613985606388e-01 9.224052561026948802e-03
1.382765531062124253e+01 9.111720599445116697e-01 1.150030443643240523e-02
1.386773547094188253e+01 9.257363875610964410e-01 1.363866755519269752e-02
1.390781563126252429e+01 9.418815687092165767e-01 1.545677907228837529e-02
1.394789579158316606e+01 9.574630553314770198e-01 1.681926184763514812e-02
1.398797595190380783e+01 9.703873135985092713e-01 1.766761974663027049e-02
1.402805611222444782e+01 9.788645449282697975e-01 1.804056682002104853e-02
1.406813627254508958e+01 9.816245896374395929e-01 1.808074816498345810e-02
1.410821643286573135e+01 9.780697209098834222e-01 1.802566971336243967e-02
1.414829659318637134e+01 9.683456856603239737e-01 1.818293783573221925e-02
1.418837675350701311e+01 9.533223739529987917e-01 1.889230218652632534e-02
1.422845691382765487e+01 9.344866425556264122e-01 2.047915382730224401e-02
1.426853707414829664e+01 9.137606483299971494e-01 2.320572990449036935e-02
1.430861723446893663e+01 8.932681635465197223e-01 2.722705294312447247e-02
1.434869739478957840e+01 8.750775880225498682e-01 3.255842660551582640e-02
1.438877755511022016e+01 8.609529878282941029e-01 3.906009235659898410e-02
1.442885771543086193e+01 8.521432207378617507e-01 4.644254080732508616e-02
1.446893787575150192e+01 8.492343041052164976e-01 5.429322478354779713e-02
1.450901803607214369e+01 8.520823291381610654e-01 6.212240546000495633e-02
1.454909819639278545e+01 8.598344332870415663e-01 6.942300533519632499e-02
1.458917835671342544e+01 8.710347936441718009e-01 7.573706625694165417e-02
1.462925851703406721e+01 8.838025210869092652e-01 8.072007152569735111e-02
1.466933867735470898e+01 8.960598555490226769e-01 8.419421638686823417e-02
1.470941883767535074e+01 9.057831391867963156e-01 8.618276599660075477e-02
1.474949899799599073e+01 9.112463569459010593e-01 8.691981587708537405e-02
1.478957915831663250e+01 9.112279221169633514e-01 8.683280201152605848e-02
1.482965931863727427e+01 9.051557933197841299e-01 8.649861328789490433e-02
1.486973947895791603e+01 8.931734688568431224e-01 8.657768983274566343e-02
1.490981963927855602e+01 8.761190523922974815e-01 8.773359033425799647e-02
1.494989979959919779e+01 8.554202476594184867e-01 9.054776891357894930e-02
1.498997995991983956e+01 8.329184760112201547e-01 9.544039907880938478e-02
1.503006012024047955e+01 8.106439884633231951e-01 1.026078299969700874e-01
1.507014028056112132e+01 7.905697412780730016e-01 1.119856259037495944e-01
1.511022044088176308e+01 7.743741769265576336e-01 1.232432596176858131e-01
1.515030060120240485e+01 7.632416420702929916e-01 1.358127094466675955e-01
1.519038076152304484e+01 7.577242334408483826e-01 1.489488930208058282e-01
1.523046092184368661e+01 7.576810956564460353e-01 1.618156080096645189e-01
1.527054108216432837e+01 7.623016349172503370e-01 1.735870158842389432e-01
1.531062124248497014e+01 7.702089622591563600e-01 1.835522282200377775e-01
1.535070140280561013e+01 7.796303530033422691e-01 1.912096293613457509e-01
1.539078156312625190e+01 7.886136915001785708e-01 1.963383861098363381e-01
1.543086172344689366e+01 7.952636184556588494e-01 1.990371045062590827e-01
1.547094188376753365e+01 7.979689696954022082e-01 1.997235045201692927e-01
1.551102204408817542e+01 7.955943087899851607e-01 1.990938036611369921e-01
1.555110220440881719e+01 7.876127729029521740e-01 1.980456102983895461e-01
1.559118236472945895e+01 7.741645794067204545e-01 1.975728686635755960e-01
1.563126252505009894e+01 7.560345666945326171e-01 1.986451632163653558e-01
1.567134268537074071e+01 7.345520006526460310e-01 2.020859996184227458e-01
1.571142284569138248e+01 7.114253627866314877e-01 2.084652306286354506e-01
1.575150300601202424e+01 6.885327501951101770e-01 2.180194911749430697e-01
1.579158316633266423e+01 6.676938405553849432e-01 2.306114625416454955e-01
1.583166332665330600e+01 6.504514173863614745e-01 2.457343157269291922e-01
1.587174348697394777e+01 6.378889641832867774e-01 2.625622765893089738e-01
1.591182364729458776e+01 6.305060541107959660e-01 2.800425302169928243e-01
1.595190380761522952e+01 6.281658586532652411e-01 2.970183322495547618e-01
1.599198396793587129e+01 6.301200757072555891e-01 3.123689117257893999e-01
1.603206412825651128e+01 6.351071068696708677e-01 3.251491337953426597e-01
1.607214428857715305e+01 6.415105675736183510e-01 3.347113602615026107e-01
1.611222444889779482e+01 6.475582156792979438e-01 3.407936623959022526e-01
1.615230460921843658e+01 6.515368992768337808e-01 3.435623625327439146e-01
1.619238476953907835e+01 6.519975973805720582e-01 3.436023673394495437e-01
1.623246492985972012e+01 6.479261615319767964e-01 3.418552186026749817e-01
1.627254509018035833e+01 6.388597355028305946e-01 3.395113901361076492e-01
1.631262525050100010e+01 6.249355096175230884e-01 3.378692396117023988e-01
1.635270541082164186e+01 6.068666822499589886e-01 3.381774184523883009e-01
1.639278557114228363e+01 5.858492998867408375e-01 3.414798902859155216e-01
1.643286573146292540e+01 5.634119855374328800e-01 3.484827154011298500e-01
1.647294589178356716e+01 5.412274248993255155e-01 3.594594221710912807e-01
1.651302605210420893e+01 5.209089962757207370e-01 3.742073787583451994e-01
1.655310621242485070e+01 5.038175191915643669e-01 3.920616044846323422e-01
1.659318637274548891e+01 4.909015500925216768e-01 4.119655986570846529e-01
1.663326653306613068e+01 4.825901845765032672e-01 4.325918000517224860e-01
1.667334669338677244e+01 4.787505446758653083e-01 4.524980394806979445e-01
1.671342685370741421e+01 4.787139532612761927e-01 4.703015795868212279e-01
1.675350701402805598e+01 4.813663067878543034e-01 4.848496847482623995e-01
1.679358717434869774e+01 4.852904355196721586e-01 4.953655440602878213e-01
1.683366733466933951e+01 4.889422209746956405e-01 5.015509019677970581e-01
1.687374749498997772e+01 4.908385945866218791e-01 5.036317154281350073e-01
1.691382765531061949e+01 4.897346150842545875e-01 5.023399965131754019e-01
1.695390781563126126e+01 4.847686238301965322e-01 4.988328762814580042e-01
1.699398797595190302e+01 4.755587089310701066e-01 4.945578280535282145e-01
1.703406813627254479e+01 4.622398194731972554e-01 4.910798772581352889e-01
1.707414829659318656e+01 4.454381255416893226e-01 4.898915897103729433e-01
1.711422845691382832e+01 4.261867726886084395e-01 4.922290204018330284e-01
1.715430861723446654e+01 4.057941561035524614e-01 4.989163184203483370e-01
1.719438877755510831e+01 3.856814208396814325e-01 5.102583941216595198e-01
1.723446893787575007e+01 3.672094079310421200e-01 5.259953825484183776e-01
1.727454909819639184e+01 3.515162747561823009e-01 5.453252772701567830e-01
1.731462925851703361e+01 3.393853893726127002e-01 5.669929348266009583e-01
1.735470941883767537e+01 3.311590411041153703e-01 5.894356119434751573e-01
1.739478957915831714e+01 3.267075581448054544e-01 6.109682256058186489e-01
1.743486973947895891e+01 3.254563699137595911e-01 6.299864417458599375e-01
1.747494989979959712e+01 3.264663330123369622e-01 6.451631356820779484e-01
1.751503006012023889e+01 3.285561934736008216e-01 6.556141008630267386e-01
1.755511022044088065e+01 3.304511880858903017e-01 6.610121676389028034e-01
1.759519038076152242e+01 3.309390534088393343e-01 6.616348326368678423e-01
1.763527054108216419e+01 3.290143662059646368e-01 6.583384434018481057e-01
1.767535070140280595e+01 3.239941215799673202e-01 6.524609879006727509e-01
1.771543086172344772e+01 3.155914242070694264e-01 6.456644727660758587e-01
1.775551102204408593e+01 3.039395706542647457e-01 6.397355716936528047e-01
1.779559118236472770e+01 2.895649524070578185e-01 6.363686572531626062e-01
1.783567134268536947e+01 2.733133755489539629e-01 6.369577614601192872e-01
1.787575150300601123e+01 2.562398644720376706e-01 6.424231148596396546e-01
1.791583166332665300e+01 2.394761754148303223e-01 6.530938116428204321e-01
1.795591182364729477e+01 2.240926232596613665e-01 6.686613784785391257e-01
1.799599198396793653e+01 2.109711551046683231e-01 6.882104516900566793e-01
1.803607214428857475e+01 2.007048583018408439e-01 7.103234507399778241e-01
1.807615230460921651e+01 1.935354946847173685e-01 7.332471903719329775e-01
1.811623246492985828e+01 1.893356711054605956e-01 7.551018410710685913e-01
1.815631262525050005e+01 1.876365404859685615e-01 7.741073934714230997e-01
1.819639278557114181e+01 1.876962294935708153e-01 7.888004196716249528e-01
1.823647294589178358e+01 1.885992535495005784e-01 7.982147587614090156e-01
1.827655310621242535e+01 1.893736341804238277e-01 8.020037491100816540e-01
1.831663326653306711e+01 1.891106956417862861e-01 8.004883947662109200e-01
1.835671342685370533e+01 1.870727420601273894e-01 7.946246566133547962e-01
1.839679358717434710e+01 1.827758866177565111e-01 7.858928853679967297e-01
1.843687374749498886e+01 1.760388683271790766e-01 7.761220657449474647e-01
1.847695390781563063e+01 1.669932290579428658e-01 7.672697857041880232e-01
1.851703406813627240e+01 1.560551272858916039e-01 7.611845841945990010e-01
1.855711422845691416e+01 1.438637255084410371e-01 7.593797723797246491e-01
1.859719438877755593e+01 1.311949618901306625e-01 7.628466088587376737e-01
1.863727454909819414e+01 1.188621793323198367e-01 7.719299775451218260e-01
1.867735470941883591e+01 1.076162674423219306e-01 7.862820822338090210e-01
1.871743486973947768e+01 9.805758027396108134e-02 8.049001263796903283e-01
1.875751503006011944e+01 9.057001175308980467e-02 8.262437061794479787e-01
1.879759519038076121e+01 8.528450081107188940e-02 8.484179751949891823e-01
1.883767535070140298e+01 8.207530668798110329e-02 8.694006918051752075e-01
1.887775551102204474e+01 8.058815261533600061e-02 8.872859484024643306e-01
1.891783567134268296e+01 8.029533558693879858e-02 9.005152918669497852e-01
1.895791583166332472e+01 8.056966076613783501e-02 9.080683030217363561e-01
1.899799599198396649e+01 8.076699291279934578e-02 9.095893615796808440e-01
1.903807615230460826e+01 8.030656605783316471e-02 9.054347810162843846e-01
1.907815631262525002e+01 7.873899360633290767e-02 8.966339376775657177e-01
1.911823647294589179e+01 7.579400528727719966e-02 8.847683723677982615e-01
1.915831663326653356e+01 7.140296345808104517e-02 8.717828893678605251e-01
1.919839679358717532e+01 6.569472509258064696e-02 8.597511743792477512e-01
1.923847695390781354e+01 5.896692396647540413e-02 8.506242924699275454e-01
1.927855711422845530e+01 5.163779003572140786e-02 8.459928014360312831e-01
1.931863727454909707e+01 4.418583260379755490e-02 8.468917513082788728e-01
1.935871743486973884e+01 3.708585580846648910e-02 8.536726750704277666e-01
1.939879759519038060e+01 3.074976441356500403e-02 8.659584547954470857e-01
1.943887775551102237e+01 2.547951791803276800e-02 8.826867346919863300e-01
1.947895791583166414e+01 2.143759490061846948e-02 9.022366690583490945e-01
1.951903807615230235e+01 1.863773192653637306e-02 9.226236211242563323e-01
1.955911823647294412e+01 1.695586108135460623e-02 9.417382180957368787e-01
1.959919839679358589e+01 1.615846738645573821e-02 9.576008797483760437e-01
1.963927855711422765e+01 1.594337723240196736e-02 9.686011471645571413e-01
1.967935871743486942e+01 1.598655639213582627e-02 9.736929953659735348e-01
1.971943887775551119e+01 1.598801639257670798e-02 9.725225595865255590e-01
1.975951903807615295e+01 1.571044046710450004e-02 9.654727200871632276e-01
1.979959919839679117e+01 1.500554139624118988e-02 9.536188647793663042e-01
1.983967935871743293e+01 1.382522162587562428e-02 9.386007671192116986e-01
1.987975951903807470e+01 1.221699739076728686e-02 9.224256578709993937e-01
1.991983967935871647e+01 1.030550848033696607e-02 9.072260251020324295e-01
1.995991983967935823e+01 8.263915286990202586e-03 8.950013865156184467e-01
2.000000000000000000e+01 6.280305462813857466e-03 8.873754701639202658e-01
