# # time expt_val_site1 expt_val_site2  # initial_state: |1,1,0,0>  # params: hop_enr k = 1  #         col_replu U = 8  #         ferm_bos_cop g = 5   #         intr_str  wr = 8resonator (each) 
0.000000000000000000e+00 1.000000000000000000e+00 0.000000000000000000e+00
4.008016032064128098e-02 9.967914593379140209e-01 2.577820477263381686e-06
8.016032064128256196e-02 9.876822605284927281e-01 3.852762458286125954e-05
1.202404809619238429e-01 9.737053572903913157e-01 1.762817955546954732e-04
1.603206412825651239e-01 9.557214031681311450e-01 4.818874304936677480e-04
2.004008016032063910e-01 9.344915590227258484e-01 9.632892116836162593e-04
2.404809619238476859e-01 9.113722237145197580e-01 1.531806653326817048e-03
2.805611222444889807e-01 8.886979190514949778e-01 2.035337137736180878e-03
3.206412825651302478e-01 8.691111317383661827e-01 2.371116978381476031e-03
3.607214428857715149e-01 8.542630415062487659e-01 2.575057235268449641e-03
4.008016032064127820e-01 8.439886623142748290e-01 2.796117989155786666e-03
4.408817635270541047e-01 8.363670364998608830e-01 3.208249440600484306e-03
4.809619238476953718e-01 8.283026164109413836e-01 3.967321967890704432e-03
5.210420841683366389e-01 8.164745428137994976e-01 5.253053866618725282e-03
5.611222444889779615e-01 7.987177328032576407e-01 7.340756639946753939e-03
6.012024048096191731e-01 7.752692374255246710e-01 1.058394715569760391e-02
6.412825651302604957e-01 7.487805746323453748e-01 1.525722859424719774e-02
6.813627254509018183e-01 7.229170619399156728e-01 2.139778719264576190e-02
7.214428857715430299e-01 7.009536650727083984e-01 2.881958081631966553e-02
7.615230460921843525e-01 6.851743442793755134e-01 3.722907274964116359e-02
8.016032064128255641e-01 6.763079180251676537e-01 4.627274484995071158e-02
8.416833667334668867e-01 6.733124285975230494e-01 5.557692079236686150e-02
8.817635270541082093e-01 6.745429083319206542e-01 6.487426635997155244e-02
9.218436873747494209e-01 6.790109713991319129e-01 7.405898534793137200e-02
9.619238476953907435e-01 6.859335139005581228e-01 8.300298786750541502e-02
1.002004008016031955e+00 6.936937885888178057e-01 9.136255911102533767e-02
1.042084168336673278e+00 7.001927857776168995e-01 9.874330286498780862e-02
1.082164328657314600e+00 7.039333784843676556e-01 1.050470750678486193e-01
1.122244488977955923e+00 7.040496862724279215e-01 1.104768569618472113e-01
1.162324649298597246e+00 6.995923618415346157e-01 1.152408757146779483e-01
1.202404809619238346e+00 6.896898697386180110e-01 1.194497168944604198e-01
1.242484969939879669e+00 6.747330241701927633e-01 1.232753842374961634e-01
1.282565130260520991e+00 6.571293512725149277e-01 1.271280459518513706e-01
1.322645290581162314e+00 6.403829487531818021e-01 1.316758128198537714e-01
1.362725450901803637e+00 6.270583070617713473e-01 1.376296364472610889e-01
1.402805611222444737e+00 6.176805358277612790e-01 1.454673258620434173e-01
1.442885771543086060e+00 6.116670292416560573e-01 1.554095960038821833e-01
1.482965931863727382e+00 6.091855851200974614e-01 1.676536564350316616e-01
1.523046092184368705e+00 6.116245147565019247e-01 1.823336885532308438e-01
1.563126252505010028e+00 6.196580066874060044e-01 1.989111303045016654e-01
1.603206412825651128e+00 6.312392395660963995e-01 2.157320704932722266e-01
1.643286573146292451e+00 6.424266455441119961e-01 2.305506871848072570e-01
1.683366733466933773e+00 6.501134642333804559e-01 2.416670556345466292e-01
1.723446893787575096e+00 6.535670461815772381e-01 2.487197022474858243e-01
1.763527054108216419e+00 6.539690868843667237e-01 2.525068386294586631e-01
1.803607214428857741e+00 6.532558342625532921e-01 2.540007465767257222e-01
1.843687374749498842e+00 6.533195237369872066e-01 2.536009688874302781e-01
1.883767535070140164e+00 6.555545138559102369e-01 2.512662307782079774e-01
1.923847695390781487e+00 6.603475142096060235e-01 2.470162099953271129e-01
1.963927855711422810e+00 6.666787109638355746e-01 2.411760965314357352e-01
2.004008016032063910e+00 6.723862900711785606e-01 2.342808625236161013e-01
2.044088176352705233e+00 6.752892080382265627e-01 2.269779092953243815e-01
2.084168336673346555e+00 6.743381119075443353e-01 2.200800127408909790e-01
2.124248496993987878e+00 6.696879919003947412e-01 2.143966033572912988e-01
2.164328657314629201e+00 6.619286459796797084e-01 2.103261934387850585e-01
2.204408817635270523e+00 6.514571218508140582e-01 2.078525488600613536e-01
2.244488977955911846e+00 6.383710555698636213e-01 2.069350332184301811e-01
2.284569138276553169e+00 6.228122658380341736e-01 2.075224713850528369e-01
2.324649298597194491e+00 6.054320525189464952e-01 2.092137515538724790e-01
2.364729458917835370e+00 5.874582600855566827e-01 2.112646818610552646e-01
2.404809619238476692e+00 5.702582612826405661e-01 2.129761734642839355e-01
2.444889779559118015e+00 5.547150731820584824e-01 2.140678256022311154e-01
2.484969939879759337e+00 5.410124484962167690e-01 2.149756507733718291e-01
2.525050100200400660e+00 5.291781881070330984e-01 2.166505932851454375e-01
2.565130260521041983e+00 5.196566425350034324e-01 2.194787139221713590e-01
2.605210420841683305e+00 5.132095676112696792e-01 2.227420420427478620e-01
2.645290581162324628e+00 5.103081137267687639e-01 2.257556133004529619e-01
2.685370741482965951e+00 5.104435062614386398e-01 2.289513108819589970e-01
2.725450901803607273e+00 5.119451080921106900e-01 2.333838219532686220e-01
2.765531062124248596e+00 5.126074012214083542e-01 2.398683671024031960e-01
2.805611222444889474e+00 5.106174480625521594e-01 2.490176850855626012e-01
2.845691382765530797e+00 5.052025090152076903e-01 2.615377656960763963e-01
2.885771543086172120e+00 4.967553682706173368e-01 2.775914930686709248e-01
2.925851703406813442e+00 4.864718567049604592e-01 2.956216316058157823e-01
2.965931863727454765e+00 4.758958152794330321e-01 3.124152247475833200e-01
3.006012024048096087e+00 4.663595245149156354e-01 3.248270349933111700e-01
3.046092184368737410e+00 4.582205986032368839e-01 3.316072713518281589e-01
3.086172344689378733e+00 4.508566755329669884e-01 3.338911341965977719e-01
3.126252505010020055e+00 4.438636862329894961e-01 3.342096738486089458e-01
3.166332665330661378e+00 4.381153507610967002e-01 3.350033005981749579e-01
3.206412825651302256e+00 4.353052325593972927e-01 3.376989826335715095e-01
3.246492985971943579e+00 4.364118364319274357e-01 3.426729449566658925e-01
3.286573146292584902e+00 4.408781304848250482e-01 3.496232283184109724e-01
3.326653306613226224e+00 4.472090007402873546e-01 3.577343708200991790e-01
3.366733466933867547e+00 4.538499137994140287e-01 3.660514249033732237e-01
3.406813627254508869e+00 4.594077515666408762e-01 3.743421782076687410e-01
3.446893787575150192e+00 4.626350867391245125e-01 3.831891928619347576e-01
3.486973947895791515e+00 4.628357554964345755e-01 3.929720738226874510e-01
3.527054108216432837e+00 4.604193496879511738e-01 4.032689346171997036e-01
3.567134268537074160e+00 4.566918202387819647e-01 4.132793165695408111e-01
3.607214428857715482e+00 4.528693442948721892e-01 4.225573686932826423e-01
3.647294589178356361e+00 4.493308197156741235e-01 4.313962153660799714e-01
3.687374749498997684e+00 4.457498139604631482e-01 4.404010350876290669e-01
3.727454909819639006e+00 4.420446580280095739e-01 4.495852825335929781e-01
3.767535070140280329e+00 4.390804974777057779e-01 4.581769875182027940e-01
3.807615230460921651e+00 4.378968570819037898e-01 4.654574611787412608e-01
3.847695390781562974e+00 4.383439530797523798e-01 4.712779525002426251e-01
3.887775551102204297e+00 4.389134521216759288e-01 4.753352365041091931e-01
3.927855711422845619e+00 4.379475972705441644e-01 4.766097792854494530e-01
3.967935871743486942e+00 4.349127228242835042e-01 4.742199202145780945e-01
4.008016032064127820e+00 4.303967523275126217e-01 4.684065870663167153e-01
4.048096192384769587e+00 4.250413939888486037e-01 4.602216735523351199e-01
4.088176352705410466e+00 4.188697738307602947e-01 4.505346209332167229e-01
4.128256513026052232e+00 4.116192131874833460e-01 4.396076231672050860e-01
4.168336673346693111e+00 4.034769204500499029e-01 4.275610428042501132e-01
4.208416833667334878e+00 3.954344829737058142e-01 4.149036384216525652e-01
4.248496993987975756e+00 3.888405917174864723e-01 4.022301878267185438e-01
4.288577154308616635e+00 3.846846223240674711e-01 3.896756045934227086e-01
4.328657314629258401e+00 3.833228867369739556e-01 3.771485295595975451e-01
4.368737474949899280e+00 3.846838644714649091e-01 3.651366982455859778e-01
4.408817635270541047e+00 3.886704499241022126e-01 3.551250700159198637e-01
4.448897795591181925e+00 3.952469199650563425e-01 3.487756067756077605e-01
4.488977955911823692e+00 4.041193425909771486e-01 3.462954740550568955e-01
4.529058116232464570e+00 4.146155397312902280e-01 3.459005166414430565e-01
4.569138276553106337e+00 4.260079278382279400e-01 3.451318918832809168e-01
4.609218436873747216e+00 4.378175071327240486e-01 3.424823057445915420e-01
4.649298597194388982e+00 4.495089286435090536e-01 3.378654933852457964e-01
4.689378757515029861e+00 4.598459149660598655e-01 3.321149173132689758e-01
4.729458917835670739e+00 4.670426225785023755e-01 3.263715361096802825e-01
4.769539078156312506e+00 4.699287045422564368e-01 3.216772251433608898e-01
4.809619238476953385e+00 4.688580520498905058e-01 3.186699867414578558e-01
4.849699398797595151e+00 4.654302329749366862e-01 3.173018110919948453e-01
4.889779559118236030e+00 4.614305039260512276e-01 3.165890358312075104e-01
4.929859719438877796e+00 4.581013574206501127e-01 3.150632658441694378e-01
4.969939879759518675e+00 4.562788026402493924e-01 3.120986204771744599e-01
5.010020040080160442e+00 4.566963288287003153e-01 3.083911078821919838e-01
5.050100200400801320e+00 4.599156736831601644e-01 3.050472143882698162e-01
5.090180360721443087e+00 4.661100263250302356e-01 3.030749176793502420e-01
5.130260521042083965e+00 4.748083130374231575e-01 3.034275533683136183e-01
5.170340681362724844e+00 4.847607243485875794e-01 3.062124475526941669e-01
5.210420841683366611e+00 4.942653547904979350e-01 3.096040617298267406e-01
5.250501002004007489e+00 5.018671010993484005e-01 3.103702378835110354e-01
5.290581162324649256e+00 5.069051211117294731e-01 3.062215395835917731e-01
5.330661322645290134e+00 5.095742603217017219e-01 2.976469229566049979e-01
5.370741482965931901e+00 5.109033034383069216e-01 2.874935145600829300e-01
5.410821643286572780e+00 5.129191335792991913e-01 2.792892744892997992e-01
5.450901803607214546e+00 5.180391621838557059e-01 2.756527687891051626e-01
5.490981963927855425e+00 5.273376988481149885e-01 2.772998424297391518e-01
5.531062124248497192e+00 5.395441870159455311e-01 2.832039285888918179e-01
5.571142284569138070e+00 5.521381689215942856e-01 2.916676453639070465e-01
5.611222444889778949e+00 5.632862531784046389e-01 3.012308948264768582e-01
5.651302605210420715e+00 5.725064286624590437e-01 3.107864869486799408e-01
5.691382765531061594e+00 5.797473851668896172e-01 3.193247087139091667e-01
5.731462925851703361e+00 5.845539976941057647e-01 3.262554554093898829e-01
5.771543086172344239e+00 5.861999836417545184e-01 3.318069302531460041e-01
5.811623246492986006e+00 5.840985493502011128e-01 3.364277321378149610e-01
5.851703406813626884e+00 5.781008809712998575e-01 3.400613185391068161e-01
5.891783567134268651e+00 5.687431820952441042e-01 3.422135430629821284e-01
5.931863727454909530e+00 5.573752564012339761e-01 3.422796983517608638e-01
5.971943887775551296e+00 5.461883506837188484e-01 3.398577412419548915e-01
6.012024048096192175e+00 5.379186473755660503e-01 3.351408458055802897e-01
6.052104208416833053e+00 5.348698455230882498e-01 3.289982195327844638e-01
6.092184368737474820e+00 5.375898276416789523e-01 3.223565971443805300e-01
6.132264529058115698e+00 5.442719578611239228e-01 3.153794863322173514e-01
6.172344689378757465e+00 5.517442522627702406e-01 3.074788176039038867e-01
6.212424849699398344e+00 5.573181538653978473e-01 2.980952615382024273e-01
6.252505010020040110e+00 5.598482732201373047e-01 2.873912784246291929e-01
6.292585170340680989e+00 5.595688397916915857e-01 2.765143854774280707e-01
6.332665330661322756e+00 5.572785853653700050e-01 2.671809788464464264e-01
6.372745490981963634e+00 5.535958354970315076e-01 2.608388746750318066e-01
6.412825651302604513e+00 5.488570142363828896e-01 2.581583527929370292e-01
6.452905811623246279e+00 5.433837903202176633e-01 2.587085858726299037e-01
6.492985971943887158e+00 5.375490105459238555e-01 2.608969033540263771e-01
6.533066132264528925e+00 5.317724812912956178e-01 2.628833324202932142e-01
6.573146292585169803e+00 5.265737943975463686e-01 2.635915006795547799e-01
6.613226452905811570e+00 5.225529210108440514e-01 2.626423682650862457e-01
6.653306613226452448e+00 5.204773556740153184e-01 2.600448363289618037e-01
6.693386773547094215e+00 5.213994720754124845e-01 2.562521003324563784e-01
6.733466933867735094e+00 5.264018861287907969e-01 2.518443017871518919e-01
6.773547094188376860e+00 5.359561863161707018e-01 2.469068890812152473e-01
6.813627254509017739e+00 5.494783986386058139e-01 2.409744195369434017e-01
6.853707414829658617e+00 5.656871646649800356e-01 2.336269015118301040e-01
6.893787575150300384e+00 5.832647291079450236e-01 2.251361348312896360e-01
6.933867735470941263e+00 6.007452042935730319e-01 2.166691880236469858e-01
6.973947895791583029e+00 6.159284949257152197e-01 2.098623921003636705e-01
7.014028056112223908e+00 6.263161086405639733e-01 2.060410751193725576e-01
7.054108216432865675e+00 6.307605902597891445e-01 2.057763717080868804e-01
7.094188376753506553e+00 6.303005627703919256e-01 2.088850645036410547e-01
7.134268537074148320e+00 6.269425858717423417e-01 2.143872110297551092e-01
7.174348697394789198e+00 6.222323886962600747e-01 2.207126337895203294e-01
7.214428857715430965e+00 6.172586438339291437e-01 2.263631352820778264e-01
7.254509018036071843e+00 6.130807236392947779e-01 2.303656641174000042e-01
7.294589178356712722e+00 6.107537413208766752e-01 2.326276199331632766e-01
7.334669338677354489e+00 6.112054926429099089e-01 2.340684511556972436e-01
7.374749498997995367e+00 6.148294424501637989e-01 2.356473335095674582e-01
7.414829659318637134e+00 6.210821821770221574e-01 2.374192544920423753e-01
7.454909819639278012e+00 6.287882960914934483e-01 2.389495130840360304e-01
7.494989979959919779e+00 6.368605245875491594e-01 2.399066076320635343e-01
7.535070140280560658e+00 6.447066003640692378e-01 2.400959937968371871e-01
7.575150300601202424e+00 6.520773850795107407e-01 2.395107935503295316e-01
7.615230460921843303e+00 6.586839211469348587e-01 2.382684790725145552e-01
7.655310621242485070e+00 6.643129354079377880e-01 2.364038107938454536e-01
7.695390781563125948e+00 6.693593426623534182e-01 2.339030596935793849e-01
7.735470941883766827e+00 6.746043740232038344e-01 2.307871133511024964e-01
7.775551102204408593e+00 6.799496082701448341e-01 2.269599358880561579e-01
7.815631262525049472e+00 6.836813224822090307e-01 2.221778188181712521e-01
7.855711422845691239e+00 6.836210080219460306e-01 2.165411742643846837e-01
7.895791583166332117e+00 6.789668091916867265e-01 2.108274219730013055e-01
7.935871743486973884e+00 6.707088042912587866e-01 2.061022749031723444e-01
7.975951903807614762e+00 6.605808542618292201e-01 2.033598458278848276e-01
8.016032064128255641e+00 6.497574714471041624e-01 2.033404722305393597e-01
8.056112224448897408e+00 6.381381796126449624e-01 2.061370975822782170e-01
8.096192384769539174e+00 6.246938677989533062e-01 2.110420020807430019e-01
8.136272545090179165e+00 6.083750000018774973e-01 2.167554283082932798e-01
8.176352705410820931e+00 5.888427915069323060e-01 2.219001290295583018e-01
8.216432865731462698e+00 5.671574031764542445e-01 2.258713187378266207e-01
8.256513026052104465e+00 5.460867864337665134e-01 2.291325945119761787e-01
8.296593186372744455e+00 5.291518629642562033e-01 2.326297104977279040e-01
8.336673346693386222e+00 5.186527306067414411e-01 2.370324259316851645e-01
8.376753507014027988e+00 5.140325317902744162e-01 2.421501563862312190e-01
8.416833667334669755e+00 5.120616227918322050e-01 2.469353912438476406e-01
8.456913827655309746e+00 5.091089542654019251e-01 2.503376814790431171e-01
8.496993987975951512e+00 5.036131404723928062e-01 2.523313510923934078e-01
8.537074148296593279e+00 4.964880762262485758e-01 2.541897295359319964e-01
8.577154308617233269e+00 4.896279556765094632e-01 2.576959233597108656e-01
8.617234468937875036e+00 4.846527027453851888e-01 2.641011444289926846e-01
8.657314629258516803e+00 4.826095864768721877e-01 2.737039283420547586e-01
8.697394789579158569e+00 4.835472514113451359e-01 2.858144402088930169e-01
8.737474949899798560e+00 4.860646974035800483e-01 2.989885432897191886e-01
8.777555110220440326e+00 4.878940119233069472e-01 3.117428665705972990e-01
8.817635270541082093e+00 4.870769592365006284e-01 3.230760422429538870e-01
8.857715430861723860e+00 4.827826220612983499e-01 3.324089566538434015e-01
8.897795591182363850e+00 4.756607710191810279e-01 3.396028092177603708e-01
8.937875751503005617e+00 4.674378223294834989e-01 3.451242594242451833e-01
8.977955911823647384e+00 4.598303477151828300e-01 3.498106514602621342e-01
9.018036072144287374e+00 4.538343855878073652e-01 3.543978933219733007e-01
9.058116232464929141e+00 4.497711356849798947e-01 3.593849455231567513e-01
9.098196392785570907e+00 4.476336536479137984e-01 3.652429209126368814e-01
9.138276553106212674e+00 4.475107898691768615e-01 3.724998701500624732e-01
9.178356713426852664e+00 4.498059003577395965e-01 3.814598780784466681e-01
9.218436873747494431e+00 4.547660243597824170e-01 3.918059129005344587e-01
9.258517034068136198e+00 4.615600609817103739e-01 4.026131349344305166e-01
9.298597194388777964e+00 4.681361847657379838e-01 4.129936360908671444e-01
9.338677354709417955e+00 4.725279670918329789e-01 4.226421237843480672e-01
9.378757515030059722e+00 4.742570394832569258e-01 4.315101146833411616e-01
9.418837675350701488e+00 4.741678037425349213e-01 4.392499107467136565e-01
9.458917835671341479e+00 4.731238741743381548e-01 4.452370682730699136e-01
9.498997995991983245e+00 4.712299640176293991e-01 4.488507511364099312e-01
9.539078156312625012e+00 4.684058060695832637e-01 4.497436413955962498e-01
9.579158316633266779e+00 4.652728817413601670e-01 4.478938895487239447e-01
9.619238476953906769e+00 4.630268719618871320e-01 4.433798546872023127e-01
9.659318637274548536e+00 4.626519649411935386e-01 4.366415211768699400e-01
9.699398797595190302e+00 4.642895228343955072e-01 4.288977434840426373e-01
9.739478957915832069e+00 4.670707815538648888e-01 4.215379025199275653e-01
9.779559118236472059e+00 4.697206519960894222e-01 4.152505966173422602e-01
9.819639278557113826e+00 4.713828539478955859e-01 4.100313125366822353e-01
9.859719438877755593e+00 4.716093397541433752e-01 4.053826864538274677e-01
9.899799599198395583e+00 4.699419343843949659e-01 4.001968390565590616e-01
9.939879759519037350e+00 4.661455847138545328e-01 3.930329597433216415e-01
9.979959919839679117e+00 4.606042629385308507e-01 3.829937846307205351e-01
1.002004008016032088e+01 4.538089397469824426e-01 3.703195102598943467e-01
1.006012024048096087e+01 4.455456066106551205e-01 3.562197649077378792e-01
1.010020040080160264e+01 4.352396805339344699e-01 3.425246572604034867e-01
1.014028056112224441e+01 4.231498820176078923e-01 3.313752222440711770e-01
1.018036072144288617e+01 4.109628529100294858e-01 3.245958919814542765e-01
1.022044088176352616e+01 4.013020533590479499e-01 3.229013096276883155e-01
1.026052104208416793e+01 3.964537884396218126e-01 3.254200568744585742e-01
1.030060120240480970e+01 3.970947350233816620e-01 3.299699565925665601e-01
1.034068136272544969e+01 4.020154788785842981e-01 3.341350585260092210e-01
1.038076152304609145e+01 4.089417176132393861e-01 3.365817016448677812e-01
1.042084168336673322e+01 4.155836303809304355e-01 3.377935957506225662e-01
1.046092184368737499e+01 4.202617654456287655e-01 3.395769358367861090e-01
1.050100200400801498e+01 4.221608632696663421e-01 3.436455096967177547e-01
1.054108216432865675e+01 4.214071387505175514e-01 3.506589550344458295e-01
1.058116232464929851e+01 4.188494776547674325e-01 3.603140107758337485e-01
1.062124248496994028e+01 4.153596033288500244e-01 3.717150736402466960e-01
1.066132264529058027e+01 4.110436155971473049e-01 3.836553340201006579e-01
1.070140280561122204e+01 4.052280648035047617e-01 3.951527161827529944e-01
1.074148296593186380e+01 3.974426021316818658e-01 4.061552817798613768e-01
1.078156312625250379e+01 3.883930526090544899e-01 4.176386183784606687e-01
1.082164328657314556e+01 3.798387550829739889e-01 4.305230857877370698e-01
1.086172344689378733e+01 3.736548410008020404e-01 4.442276635724134448e-01
1.090180360721442909e+01 3.710538047852259824e-01 4.564092117930323989e-01
1.094188376753506908e+01 3.723390381097357316e-01 4.643668952400862859e-01
1.098196392785571085e+01 3.770521916093974579e-01 4.668942605642560917e-01
1.102204408817635262e+01 3.842855110478586300e-01 4.648028279332118706e-01
1.106212424849699438e+01 3.928695852618162010e-01 4.598944021771299573e-01
1.110220440881763437e+01 4.013851143157209367e-01 4.539443455558718199e-01
1.114228456913827614e+01 4.084528604371361893e-01 4.486240077317103503e-01
1.118236472945891791e+01 4.133362590651821211e-01 4.454457532907140083e-01
1.122244488977955790e+01 4.161624367373883970e-01 4.450948846419462979e-01
1.126252505010019966e+01 4.173583963913548578e-01 4.470761220441535899e-01
1.130260521042084143e+01 4.168743197367061337e-01 4.503263809691462893e-01
1.134268537074148320e+01 4.142435388537319407e-01 4.540450864362660655e-01
1.138276553106212319e+01 4.094847948224991097e-01 4.579321992156903942e-01
1.142284569138276495e+01 4.035724269553410681e-01 4.618264002398392853e-01
1.146292585170340672e+01 3.978878150866149155e-01 4.651599857696609996e-01
1.150300601202404849e+01 3.935219639534274783e-01 4.668885648658824827e-01
1.154308617234468848e+01 3.911104312201155730e-01 4.661939818266423452e-01
1.158316633266533024e+01 3.908016143154624533e-01 4.632083204647292618e-01
1.162324649298597201e+01 3.920304001061863386e-01 4.588056797460102754e-01
1.166332665330661200e+01 3.934527481815492389e-01 4.537098071444486402e-01
1.170340681362725377e+01 3.932422453090066439e-01 4.480653905456634112e-01
1.174348697394789554e+01 3.895379842007247739e-01 4.417428620172949572e-01
1.178356713426853730e+01 3.811870740369089350e-01 4.346217629229939261e-01
1.182364729458917729e+01 3.687483402318616488e-01 4.265465942645037534e-01
1.186372745490981906e+01 3.548083754319463212e-01 4.173354430152414474e-01
1.190380761523046083e+01 3.430139387549210328e-01 4.070576655919594944e-01
1.194388777555110259e+01 3.363671235753897815e-01 3.961987484683507921e-01
1.198396793587174258e+01 3.359124667830286626e-01 3.853301769972541369e-01
1.202404809619238435e+01 3.407381876549253619e-01 3.746684248741241063e-01
1.206412825651302612e+01 3.492258018830486921e-01 3.642083562286851373e-01
1.210420841683366611e+01 3.603039012719508327e-01 3.542340114039539967e-01
1.214428857715430787e+01 3.734524047620187970e-01 3.452267536747423704e-01
1.218436873747494964e+01 3.878153838995754832e-01 3.371123984763084724e-01
1.222444889779559141e+01 4.019467042772913445e-01 3.292195786030122640e-01
1.226452905811623140e+01 4.145286705520177528e-01 3.214529437758593122e-01
1.230460921843687316e+01 4.248857926959893616e-01 3.151664950473371252e-01
1.234468937875751493e+01 4.326666961272436773e-01 3.125917248032208939e-01
1.238476953907815670e+01 4.374544030059152044e-01 3.154808027307159368e-01
1.242484969939879669e+01 4.391938416093003061e-01 3.239706480948446043e-01
1.246492985971943845e+01 4.390805781279302766e-01 3.361780639177583407e-01
1.250501002004008022e+01 4.394294760329413574e-01 3.487842627558653263e-01
1.254509018036072021e+01 4.421500006027244689e-01 3.584046676802596920e-01
1.258517034068136198e+01 4.475540266844217907e-01 3.629686411540269386e-01
1.262525050100200374e+01 4.548060350068577895e-01 3.622795433983775903e-01
1.266533066132264551e+01 4.631961269456825736e-01 3.576311060552017640e-01
1.270541082164328550e+01 4.727338198363792987e-01 3.510671209068932375e-01
1.274549098196392727e+01 4.836668920221731671e-01 3.445972415872610717e-01
1.278557114228456904e+01 4.957441617984275628e-01 3.394067616800515719e-01
1.282565130260520903e+01 5.081556493190191315e-01 3.356368371222471780e-01
1.286573146292585079e+01 5.200901717380016498e-01 3.329228456760365829e-01
1.290581162324649256e+01 5.310438627531220979e-01 3.308331609806980933e-01
1.294589178356713433e+01 5.406278785687967936e-01 3.290559210923349465e-01
1.298597194388777432e+01 5.485184058302575716e-01 3.279676531629467373e-01
1.302605210420841608e+01 5.546965153903183898e-01 3.288091613978976757e-01
1.306613226452905785e+01 5.594338075128327814e-01 3.323898301157061086e-01
1.310621242484969962e+01 5.629819535148852250e-01 3.377121456496511298e-01
1.314629258517033961e+01 5.653174690270654779e-01 3.424261241682962642e-01
1.318637274549098137e+01 5.660910104691064815e-01 3.443847732156005703e-01
1.322645290581162314e+01 5.650777770196269145e-01 3.426732807909893541e-01
1.326653306613226313e+01 5.630013446457612369e-01 3.379149609519828679e-01
1.330661322645290490e+01 5.616912209985972515e-01 3.319805103950735914e-01
1.334669338677354666e+01 5.630132054141725462e-01 3.269898918316552772e-01
1.338677354709418843e+01 5.674011045470873649e-01 3.242201846757423733e-01
1.342685370741482842e+01 5.732486727971852769e-01 3.237408184424566682e-01
1.346693386773547019e+01 5.777876652876170471e-01 3.248129758515890808e-01
1.350701402805611195e+01 5.788478524352124177e-01 3.264330029642070752e-01
1.354709418837675372e+01 5.758693500304089552e-01 3.275208098635622456e-01
1.358717434869739371e+01 5.694749826944086601e-01 3.269555298528771248e-01
1.362725450901803548e+01 5.606765764063483815e-01 3.238003890688962993e-01
1.366733466933867724e+01 5.506365991670062465e-01 3.176851380844844530e-01
1.370741482965931723e+01 5.406600892700326177e-01 3.092288865285111599e-01
1.374749498997995900e+01 5.319857319793075412e-01 2.999976913460549177e-01
1.378757515030060077e+01 5.255736776236187291e-01 2.914900522084796219e-01
1.382765531062124253e+01 5.221106112946336530e-01 2.841357612080744888e-01
1.386773547094188253e+01 5.220496687464621921e-01 2.778167155801775090e-01
1.390781563126252429e+01 5.252578495412956183e-01 2.732427559718811905e-01
1.394789579158316606e+01 5.301455383438400393e-01 2.720425044993313168e-01
1.398797595190380783e+01 5.332820621869850397e-01 2.753316872058244602e-01
1.402805611222444782e+01 5.307774711002628543e-01 2.826834121532362243e-01
1.406813627254508958e+01 5.206954831129972927e-01 2.924793926315374937e-01
1.410821643286573135e+01 5.042499834280271820e-01 3.027401204801854484e-01
1.414829659318637134e+01 4.850142164292192137e-01 3.117397613328725670e-01
1.418837675350701311e+01 4.671679576942328604e-01 3.184523972291684046e-01
1.422845691382765487e+01 4.538087009768416724e-01 3.227700918064659863e-01
1.426853707414829664e+01 4.459525973146308275e-01 3.254115340067483264e-01
1.430861723446893663e+01 4.427404705229893711e-01 3.274652427632443463e-01
1.434869739478957840e+01 4.427370021410262368e-01 3.296377676291880610e-01
1.438877755511022016e+01 4.452215410062453360e-01 3.318045670916378587e-01
1.442885771543086193e+01 4.503187738647789207e-01 3.334175178265315620e-01
1.446893787575150192e+01 4.581182625563436916e-01 3.342974598835899980e-01
1.450901803607214369e+01 4.679761011231917678e-01 3.348116667001944657e-01
1.454909819639278545e+01 4.785986661742220316e-01 3.354276873716964258e-01
1.458917835671342544e+01 4.883785847484846676e-01 3.364922404789990051e-01
1.462925851703406721e+01 4.955267542646769607e-01 3.383602322993791156e-01
1.466933867735470898e+01 4.984799015358569174e-01 3.413270208177907050e-01
1.470941883767535074e+01 4.969178309414141737e-01 3.453347082465713092e-01
1.474949899799599073e+01 4.924183887463444154e-01 3.498548700936862099e-01
1.478957915831663250e+01 4.876202295115051877e-01 3.541789390429184170e-01
1.482965931863727427e+01 4.843203035709348625e-01 3.579248379648728995e-01
1.486973947895791603e+01 4.822141180211175771e-01 3.611818912388700120e-01
1.490981963927855602e+01 4.796660348595944146e-01 3.641364103982250855e-01
1.494989979959919779e+01 4.759087454946613338e-01 3.667539188888190305e-01
1.498997995991983956e+01 4.721206253937419994e-01 3.688896649496256619e-01
1.503006012024047955e+01 4.701497614140632830e-01 3.704956967270363055e-01
1.507014028056112132e+01 4.707613156266348686e-01 3.714991350997897679e-01
1.511022044088176308e+01 4.734244224654201583e-01 3.715841998815105907e-01
1.515030060120240485e+01 4.773184026429876381e-01 3.704914592136584472e-01
1.519038076152304484e+01 4.821465644191338384e-01 3.686315767413518851e-01
1.523046092184368661e+01 4.881098265079960030e-01 3.669480478195332740e-01
1.527054108216432837e+01 4.953443995534309030e-01 3.658843758739387941e-01
1.531062124248497014e+01 5.034749680317921472e-01 3.648640659616223525e-01
1.535070140280561013e+01 5.115696032560193007e-01 3.630438849769448972e-01
1.539078156312625190e+01 5.182767070055331882e-01 3.601755523338611154e-01
1.543086172344689366e+01 5.221154144713228140e-01 3.566264070459922442e-01
1.547094188376753365e+01 5.221247493173826193e-01 3.530946353857061792e-01
1.551102204408817542e+01 5.185108737370449639e-01 3.503966543796786515e-01
1.555110220440881719e+01 5.126127070565854593e-01 3.490933192970370191e-01
1.559118236472945895e+01 5.062302100342552791e-01 3.492137175565012130e-01
1.563126252505009894e+01 5.008314436716106988e-01 3.503477501487506918e-01
1.567134268537074071e+01 4.968368787073296766e-01 3.517774807116487157e-01
1.571142284569138248e+01 4.932145460693677097e-01 3.526112214526445632e-01
1.575150300601202424e+01 4.879287249299986695e-01 3.521982365758293265e-01
1.579158316633266423e+01 4.792948225172379839e-01 3.505718855310422377e-01
1.583166332665330600e+01 4.672100155921397602e-01 3.483668527446941998e-01
1.587174348697394777e+01 4.531405107471590532e-01 3.463208176370567992e-01
1.591182364729458776e+01 4.390652925402244722e-01 3.450724185388832077e-01
1.595190380761522952e+01 4.265689061430897322e-01 3.452162739423085824e-01
1.599198396793587129e+01 4.166736920011841483e-01 3.468620543272491474e-01
1.603206412825651128e+01 4.099675973053046873e-01 3.490669654100247432e-01
1.607214428857715305e+01 4.065893644877855428e-01 3.504758913663376108e-01
1.611222444889779482e+01 4.061964449722858528e-01 3.508885177870320060e-01
1.615230460921843658e+01 4.082025617789090677e-01 3.517656990435217290e-01
1.619238476953907835e+01 4.120840039644856345e-01 3.550456048170804735e-01
1.623246492985972012e+01 4.171544460927927855e-01 3.617529891142903797e-01
1.627254509018035833e+01 4.220332669937909009e-01 3.715696554518344019e-01
1.631262525050100010e+01 4.248471043563790683e-01 3.831440889794627824e-01
1.635270541082164186e+01 4.242773951796633969e-01 3.946157469786349958e-01
1.639278557114228363e+01 4.204337218714982449e-01 4.042455905049075482e-01
1.643286573146292540e+01 4.147055595472849410e-01 4.110823591797652110e-01
1.647294589178356716e+01 4.086658846660934374e-01 4.153171990228758381e-01
1.651302605210420893e+01 4.029717882175538612e-01 4.180837423639915396e-01
1.655310621242485070e+01 3.973388981787275287e-01 4.208859548407731799e-01
1.659318637274548891e+01 3.915961533298779051e-01 4.249205923189043888e-01
1.663326653306613068e+01 3.865188266006578388e-01 4.305283916054600257e-01
1.667334669338677244e+01 3.832788130179062835e-01 4.371328039696672496e-01
1.671342685370741421e+01 3.821382382465244310e-01 4.436954714960389956e-01
1.675350701402805598e+01 3.822319901593898561e-01 4.491959115500655519e-01
1.679358717434869774e+01 3.827648361323806592e-01 4.528927341639145676e-01
1.683366733466933951e+01 3.838101407400582032e-01 4.546253303311783012e-01
1.687374749498997772e+01 3.856813985575544557e-01 4.549978060825038972e-01
1.691382765531061949e+01 3.881865304722300070e-01 4.550284413718013177e-01
1.695390781563126126e+01 3.909476679839071211e-01 4.556800822320038469e-01
1.699398797595190302e+01 3.939265348096802621e-01 4.577605757733548275e-01
1.703406813627254479e+01 3.972971959744958648e-01 4.619033827872401909e-01
1.707414829659318656e+01 4.012084048483909315e-01 4.683885362312011358e-01
1.711422845691382832e+01 4.055532973474958447e-01 4.768364912557470081e-01
1.715430861723446654e+01 4.095044630100442840e-01 4.858759570558219831e-01
1.719438877755510831e+01 4.118537148421411165e-01 4.933054152813257098e-01
1.723446893787575007e+01 4.124598376246977893e-01 4.971298861000412739e-01
1.727454909819639184e+01 4.127169789713039938e-01 4.966229778319607435e-01
1.731462925851703361e+01 4.141015243057807327e-01 4.923147451572931210e-01
1.735470941883767537e+01 4.168627475389150017e-01 4.852693799257924989e-01
1.739478957915831714e+01 4.204069126400400980e-01 4.766457705805592360e-01
1.743486973947895891e+01 4.241990861578103233e-01 4.674863791608305785e-01
1.747494989979959712e+01 4.279413211200071565e-01 4.582772669864612070e-01
1.751503006012023889e+01 4.315404815255029503e-01 4.486895448201499437e-01
1.755511022044088065e+01 4.351657117085260817e-01 4.379962695233275416e-01
1.759519038076152242e+01 4.389013273292970418e-01 4.257484092023801070e-01
1.763527054108216419e+01 4.423121537218429045e-01 4.121007995060853024e-01
1.767535070140280595e+01 4.446432831665211860e-01 3.977645040610523486e-01
1.771543086172344772e+01 4.453411913536275413e-01 3.837886770529881919e-01
1.775551102204408593e+01 4.441258151376629160e-01 3.711374546422717691e-01
1.779559118236472770e+01 4.408263345042146564e-01 3.600519248727909183e-01
1.783567134268536947e+01 4.357959135207641332e-01 3.497741019586622646e-01
1.787575150300601123e+01 4.305936000123142815e-01 3.392440874681888485e-01
1.791583166332665300e+01 4.276854965277154808e-01 3.279293210124684665e-01
1.795591182364729477e+01 4.290919086046682818e-01 3.156984193953808471e-01
1.799599198396793653e+01 4.353175084633094660e-01 3.026513218894180679e-01
1.803607214428857475e+01 4.453659344091761008e-01 2.896912318627295480e-01
1.807615230460921651e+01 4.574560927904839924e-01 2.786766414976936113e-01
1.811623246492985828e+01 4.698690024817490096e-01 2.715348352584796565e-01
1.815631262525050005e+01 4.815571534794972908e-01 2.692379693025586662e-01
1.819639278557114181e+01 4.921107870631857284e-01 2.713122754263516123e-01
1.823647294589178358e+01 5.012323549198336448e-01 2.760135361970083023e-01
1.827655310621242535e+01 5.085106429654576710e-01 2.812100520239341761e-01
1.831663326653306711e+01 5.136577284983202540e-01 2.854301420876012574e-01
1.835671342685370533e+01 5.166130996070341652e-01 2.882411677861511645e-01
1.839679358717434710e+01 5.173937769406078413e-01 2.900746005288389329e-01
1.843687374749498886e+01 5.160655273249413755e-01 2.918395826771568724e-01
1.847695390781563063e+01 5.130302466871672351e-01 2.940457661565255565e-01
1.851703406813627240e+01 5.095384829150108041e-01 2.962265591150670674e-01
1.855711422845691416e+01 5.076375943100304156e-01 2.976304541827237693e-01
1.859719438877755593e+01 5.088594391024736652e-01 2.979717511111132922e-01
1.863727454909819414e+01 5.129739932631276478e-01 2.973066631766971835e-01
1.867735470941883591e+01 5.184418638266179435e-01 2.957873076502788301e-01
1.871743486973947768e+01 5.236789650008315533e-01 2.935116189649447649e-01
1.875751503006011944e+01 5.276694459261221937e-01 2.904500672330714850e-01
1.879759519038076121e+01 5.300980893725130150e-01 2.867448385349250506e-01
1.883767535070140298e+01 5.315198152142311949e-01 2.829843982370430777e-01
1.887775551102204474e+01 5.333911526798978953e-01 2.799648045163778964e-01
1.891783567134268296e+01 5.375846244946361763e-01 2.781125339453299761e-01
1.895791583166332472e+01 5.452351732340162682e-01 2.771497505857112853e-01
1.899799599198396649e+01 5.555387571349678089e-01 2.764671163946711419e-01
1.903807615230460826e+01 5.658779082608172972e-01 2.758797835932700893e-01
1.907815631262525002e+01 5.737333032301787927e-01 2.759443267229133578e-01
1.911823647294589179e+01 5.784611318432766325e-01 2.774490750716187559e-01
1.915831663326653356e+01 5.809162130656086998e-01 2.807354971536668020e-01
1.919839679358717532e+01 5.818591562247013016e-01 2.856754915882442902e-01
1.923847695390781354e+01 5.812414852180456393e-01 2.917865034646107136e-01
1.927855711422845530e+01 5.786463212149896007e-01 2.980950806044336265e-01
1.931863727454909707e+01 5.737942003763021326e-01 3.034961833103186346e-01
1.935871743486973884e+01 5.663597274101007661e-01 3.071594853223527100e-01
1.939879759519038060e+01 5.558628050224988515e-01 3.081485445576735982e-01
1.943887775551102237e+01 5.427677361999097005e-01 3.052409510538331983e-01
1.947895791583166414e+01 5.297901880222875004e-01 2.976170291514242949e-01
1.951903807615230235e+01 5.213694533516063379e-01 2.854761662742407724e-01
1.955911823647294412e+01 5.211446518156345187e-01 2.698937865380857115e-01
1.959919839679358589e+01 5.294258527005302195e-01 2.522515333827513584e-01
1.963927855711422765e+01 5.429176141629930008e-01 2.338436130256255907e-01
1.967935871743486942e+01 5.569383616682257454e-01 2.158430027546280328e-01
1.971943887775551119e+01 5.681211917213574436e-01 1.993665795988305289e-01
1.975951903807615295e+01 5.757460101206560710e-01 1.853365729971565290e-01
1.979959919839679117e+01 5.815197599703606501e-01 1.741704920270927270e-01
1.983967935871743293e+01 5.884460311843076052e-01 1.658479382304261507e-01
1.987975951903807470e+01 5.990484700636935500e-01 1.602724376819398278e-01
1.991983967935871647e+01 6.135072575802690276e-01 1.570327726277885860e-01
1.995991983967935823e+01 6.294014088187286360e-01 1.551566767614419862e-01
2.000000000000000000e+01 6.435295898494448608e-01 1.538412726562718713e-01
