# # time daqc_fidelity daqc_fidelity_noisy Fidelity_digital Fidelity_digital_noisy # initial_state: |0,0,+,+,+,+> # params: hop_enr k = 1 #         col_replu U = 2 #         ferm_bos_cop g = 1  #         intr_str  wr = 8resonator (each) #         damping_factor_resonator = 0.0006249999999999999#         damping_factor_qubit = 0.0024999999999999996
0.000000000000000000e+00 9.999999999999998890e-01 1.000000052842055398e+00 1.000000000000000000e+00 9.984012793602177194e-01
1.020408163265306145e-01 9.999612586034272166e-01 9.974536307740683450e-01 9.919771509127095488e-01 5.301740051166567991e-01
2.040816326530612290e-01 9.998675663932585778e-01 9.923264556307110906e-01 9.733544826269673322e-01 2.889935417224516190e-01
3.061224489795918435e-01 9.997626286156161557e-01 9.846674668537549469e-01 9.564244010851531419e-01 1.623997017347901806e-01
4.081632653061224580e-01 9.996752104779834669e-01 9.746043940354813806e-01 9.512245782769150892e-01 9.505121072627392698e-02
5.102040816326530726e-01 9.996098070572174699e-01 9.622921696285198223e-01 9.591127774295282737e-01 5.818278175657305706e-02
6.122448979591836871e-01 9.995631062000469580e-01 9.479185469009671072e-01 9.734120443477027873e-01 3.714833672942291498e-02
7.142857142857143016e-01 9.995406274940671354e-01 9.316404338267756380e-01 9.847034965860645972e-01 2.463646551877520657e-02
8.163265306122449161e-01 9.995550203561751612e-01 9.135387260096161643e-01 9.860805036993479655e-01 1.693917053825120395e-02
9.183673469387755306e-01 9.996131144490663090e-01 8.936484117338376887e-01 9.761825443639753352e-01 1.206051593222687984e-02
1.020408163265306145e+00 9.997065762924121080e-01 8.720419818259061984e-01 9.599386620718507457e-01 8.872238258931918614e-03
1.122448979591836871e+00 9.998084571593737202e-01 8.488709549259598752e-01 9.457475090922129457e-01 6.728541651734926653e-03
1.224489795918367374e+00 9.998836050398143271e-01 8.243982357859138688e-01 9.397138403916708294e-01 5.248035615710794702e-03
1.326530612244897878e+00 9.999143315572536217e-01 7.989500268662230731e-01 9.420397209214659284e-01 4.198855023297301189e-03
1.428571428571428603e+00 9.999106124803563977e-01 7.728113075722261582e-01 9.485283211615171961e-01 3.441945834445661948e-03
1.530612244897959329e+00 9.998891357555529380e-01 7.461463143247328844e-01 9.538153381864349356e-01 2.892170473588811727e-03
1.632653061224489832e+00 9.998537632494878258e-01 7.189841426374096178e-01 9.529301621936415723e-01 2.489250586018116555e-03
1.734693877551020336e+00 9.998003562069903705e-01 6.913249302350426007e-01 9.432905178038635263e-01 2.186226374515056435e-03
1.836734693877551061e+00 9.997317660734270639e-01 6.632856812610522512e-01 9.275849736629587783e-01 1.950190627984077583e-03
1.938775510204081787e+00 9.996624490934107321e-01 6.351171894176278476e-01 9.124142369341665670e-01 1.761902143301947218e-03
2.040816326530612290e+00 9.996088138700933712e-01 6.071792683805453672e-01 9.029235952401203358e-01 1.610971197013290335e-03
2.142857142857142794e+00 9.995797579831043889e-01 5.797615382057057509e-01 9.001648865197796612e-01 1.491059155486780226e-03
2.244897959183673741e+00 9.995753274926796328e-01 5.530067372735536502e-01 9.022277077957316926e-01 1.397049529861187946e-03
2.346938775510204245e+00 9.995908744354817799e-01 5.268766764576298112e-01 9.049293702963087105e-01 1.323645691354693576e-03
2.448979591836734748e+00 9.996262313809407551e-01 5.012473062678654001e-01 9.025803797353748603e-01 1.265365696749586695e-03
2.551020408163265252e+00 9.996875132721187995e-01 4.760563934906643646e-01 8.918459667954219405e-01 1.217615002113077091e-03
2.653061224489795755e+00 9.997731810368567507e-01 4.513893015899704819e-01 8.751597802114874369e-01 1.177549399626597829e-03
2.755102040816326703e+00 9.998634323097990162e-01 4.274784323419593690e-01 8.585030411711689347e-01 1.143812992810441190e-03
2.857142857142857206e+00 9.999296400041735033e-01 4.045942082097446213e-01 8.465445398555538903e-01 1.115700060694462328e-03
2.959183673469387710e+00 9.999525897190095769e-01 3.829024110564051564e-01 8.406950841906706273e-01 1.092661599480448768e-03
3.061224489795918657e+00 9.999295719207130784e-01 3.623804980166076550e-01 8.395820646706576573e-01 1.074139780117308856e-03
3.163265306122449161e+00 9.998677033668357250e-01 3.428398048618173655e-01 8.392242593072285484e-01 1.059410237268701861e-03
3.265306122448979664e+00 9.997766348550127802e-01 3.240514800450913779e-01 8.342898645667495838e-01 1.047544812800613135e-03
3.367346938775510168e+00 9.996685810155114815e-01 3.058986840831638410e-01 8.221063229216838408e-01 1.037635781412929448e-03
3.469387755102040671e+00 9.995636073566680491e-01 2.884578513646888775e-01 8.052267738542013831e-01 1.029065370944292224e-03
3.571428571428571619e+00 9.994915391283039074e-01 2.719437877256141167e-01 7.887461611896293689e-01 1.021572923662324248e-03
3.673469387755102122e+00 9.994796688613103441e-01 2.565649360795517753e-01 7.761930940230019615e-01 1.015125752416144332e-03
3.775510204081632626e+00 9.995332029378287686e-01 2.423817929092193790e-01 7.684325755299832306e-01 1.009736422173972657e-03
3.877551020408163573e+00 9.996288382660695193e-01 2.292651694365974435e-01 7.642022175634630710e-01 1.005330125691890949e-03
3.979591836734694077e+00 9.997307176962971775e-01 2.169606658791581599e-01 7.603026044769742864e-01 1.001705696736873794e-03
4.081632653061224580e+00 9.998159656091396563e-01 2.052363302956780322e-01 7.528530094913647996e-01 9.986014909958605083e-04
4.183673469387755084e+00 9.998822889542411385e-01 1.939944647203429851e-01 7.400822408481808612e-01 9.958136075195280802e-04
4.285714285714285587e+00 9.999303736873851323e-01 1.833098724991016060e-01 7.235799840609766775e-01 9.932651142679723745e-04
4.387755102040816091e+00 9.999472372310429513e-01 1.733429041628468947e-01 7.065149530706495984e-01 9.909732716285707919e-04
4.489795918367347483e+00 9.999126802144409076e-01 1.642234097590926367e-01 6.917289784697543409e-01 9.889729148825437098e-04
4.591836734693877986e+00 9.998232353071204725e-01 1.559541684614526025e-01 6.814561849674263261e-01 9.872717704227324063e-04
4.693877551020408490e+00 9.997090428485025937e-01 1.483765762550292022e-01 6.764736519141755222e-01 9.858432755313600165e-04
4.795918367346938993e+00 9.996179837805034829e-01 1.412900222300783326e-01 6.741199112759173051e-01 9.846381443192344339e-04
4.897959183673469497e+00 9.995776838107350848e-01 1.345162078190763610e-01 6.687808547040550167e-01 9.836035697480115681e-04
5.000000000000000000e+00 9.995773014973942105e-01 1.280206721252664936e-01 6.560764809808796727e-01 9.826978466133864248e-04
